0 Untitled Model
0 Name:  Forge
0 Author:  
0 CustomBrick
0 FlexibleBrickControlPointUnitLength -1
0 NumOfBricks:  179
1 72 129.999200 -27.999940 80.000000 0.999998 0.000000 0.000000 0.000000 0.999998 0.000000 0.000000 0.000000 1.000000 3021.dat
1 19 39.999360 -36.000040 90.000000 0.999998 0.000000 0.000000 0.000000 0.999998 0.000000 0.000000 0.000000 1.000000 60479.dat
1 19 -110.000400 -36.000060 90.000000 0.999998 0.000000 0.000000 0.000000 0.999998 0.000000 0.000000 0.000000 1.000000 3623.dat
1 72 -20.000580 -27.999970 80.000000 0.999998 0.000000 0.000000 0.000000 0.999998 0.000000 0.000000 0.000000 1.000000 2445.dat
1 19 19.999420 -36.000040 20.000000 0.999998 0.000000 0.000000 0.000000 0.999998 0.000000 0.000000 0.000000 1.000000 3456.dat
1 72 -20.000580 -27.999970 -40.000000 0.999998 0.000000 0.000000 0.000000 0.999998 0.000000 0.000000 0.000000 1.000000 2445.dat
1 72 129.999200 -27.999940 -40.000000 0.999998 0.000000 0.000000 0.000000 0.999998 0.000000 0.000000 0.000000 1.000000 3021.dat
1 19 -130.000300 -36.000060 20.000000 0.000000 0.000000 -0.999998 0.000000 0.999998 0.000000 1.000000 0.000000 0.000000 3666.dat
1 19 39.999360 -36.000040 -60.000000 0.999998 0.000000 0.000000 0.000000 0.999998 0.000000 0.000000 0.000000 1.000000 2445.dat
1 19 -110.000400 -36.000060 -60.000000 0.999998 0.000000 0.000000 0.000000 0.999998 0.000000 0.000000 0.000000 1.000000 3021.dat
1 72 -20.000580 -27.999970 -70.000000 0.999998 0.000000 0.000000 0.000000 0.999998 0.000000 0.000000 0.000000 1.000000 60479.dat
1 72 129.999200 -27.999940 -70.000000 0.999998 0.000000 0.000000 0.000000 0.999998 0.000000 0.000000 0.000000 1.000000 3623.dat
1 72 -130.000300 -27.999990 20.000000 0.000000 0.000000 -0.999998 0.000000 0.999998 0.000000 1.000000 0.000000 0.000000 3710.dat
1 72 149.999100 -27.999940 20.000000 0.000000 0.000000 -0.999998 0.000000 0.999998 0.000000 1.000000 0.000000 0.000000 3710.dat
1 322 99.999240 -59.999980 60.000000 0.999998 0.000000 0.000000 0.000000 0.999998 0.000000 0.000000 0.000000 1.000000 3941.dat
1 322 89.999240 -83.999840 70.000020 0.000000 0.000000 0.999998 0.000000 0.999998 0.000000 -1.000000 0.000000 0.000000 6541.dat
1 0 109.999200 -83.999820 70.000000 0.999998 0.000000 0.000000 0.000000 0.999998 0.000000 0.000000 0.000000 1.000000 3005.dat
1 72 99.999240 -83.999820 50.000000 0.999998 0.000000 0.000000 0.000000 0.999998 0.000000 0.000000 0.000000 1.000000 15571.dat
1 72 109.999200 -83.999820 70.000000 0.999998 0.000000 0.000000 0.000000 0.999998 0.000000 0.000000 0.000000 1.000000 54200.dat
1 82 89.999240 -83.999840 70.000020 0.000000 0.000000 0.999998 0.000000 0.999998 0.000000 -1.000000 0.000000 0.000000 54200.dat
1 72 29.999340 -59.999980 60.000000 0.999998 0.000000 0.000000 0.000000 0.999998 0.000000 0.000000 0.000000 1.000000 3002.dat
1 72 49.999340 -59.999980 70.000000 0.000000 0.000000 -0.999998 0.000000 0.999998 0.000000 1.000000 0.000000 0.000000 54200.dat
1 72 9.999400 -59.999990 70.000020 0.000000 0.000000 0.999998 0.000000 0.999998 0.000000 -1.000000 0.000000 0.000000 54200.dat
1 72 29.999350 -83.999850 69.999980 -0.999998 0.000000 0.000000 0.000000 0.999998 0.000000 0.000000 0.000000 -1.000000 3040b.dat
1 0 29.999340 -59.999980 50.000020 0.000000 0.000000 -0.999998 0.000000 0.999998 0.000000 1.000000 0.000000 0.000000 49307.dat
1 72 29.999350 -83.999850 50.000000 0.999998 0.000000 0.000000 0.000000 0.999998 0.000000 0.000000 0.000000 1.000000 4490.dat
1 72 29.999350 -91.999820 60.000000 0.000000 0.000000 -0.999998 0.000000 0.999998 0.000000 1.000000 0.000000 0.000000 3023b.dat
1 322 -10.000570 -44.000030 90.000000 0.999998 0.000000 0.000000 0.000000 0.999998 0.000000 0.000000 0.000000 1.000000 6141.dat
1 322 -30.000550 -44.000030 70.000000 0.999998 0.000000 0.000000 0.000000 0.999998 0.000000 0.000000 0.000000 1.000000 6141.dat
1 322 -50.000480 -44.000040 70.000000 0.999998 0.000000 0.000000 0.000000 0.999998 0.000000 0.000000 0.000000 1.000000 98138.dat
1 322 -30.000550 -44.000030 50.000000 0.999998 0.000000 0.000000 0.000000 0.999998 0.000000 0.000000 0.000000 1.000000 98138.dat
1 72 -90.000380 -60.000020 50.000000 0.707106 0.000000 0.707105 0.000000 0.999998 0.000000 -0.707107 0.000000 0.707107 38583.dat
1 72 -90.000380 -67.999900 50.000000 0.707105 0.000000 0.707105 0.000000 0.999998 0.000000 -0.707107 0.000000 0.707107 63864.dat
1 72 -100.000400 -44.000040 -40.000000 0.999998 0.000000 0.000000 0.000000 0.999998 0.000000 0.000000 0.000000 1.000000 4032a.dat
1 71 -20.000580 -44.000030 -20.000010 0.000000 0.000000 -0.999998 0.000000 0.999998 0.000000 1.000000 0.000000 0.000000 3020.dat
1 15 79.999270 -44.000020 -20.000000 0.999998 0.000000 0.000000 0.000000 0.999998 0.000000 0.000000 0.000000 1.000000 18674.dat
1 84 -20.000570 -52.000020 -20.000010 0.000000 0.000000 -0.999998 0.000000 0.999998 0.000000 1.000000 0.000000 0.000000 87079.dat
1 71 79.999270 -52.000000 -20.000000 0.707105 0.000000 -0.707106 0.000000 0.999998 0.000000 0.707107 0.000000 0.707106 3024.dat
1 0 79.999270 -44.000020 -20.000000 0.999998 0.000000 0.000000 0.000000 0.999998 0.000000 0.000000 0.000000 1.000000 11833.dat
1 15 69.999300 -52.000000 10.000000 0.999998 0.000000 0.000000 0.000000 0.999998 0.000000 0.000000 0.000000 1.000000 6141.dat
1 15 89.999240 -52.000000 -50.000000 0.999998 0.000000 0.000000 0.000000 0.999998 0.000000 0.000000 0.000000 1.000000 6141.dat
1 15 49.999340 -52.000000 -10.000000 0.707105 0.000000 -0.707106 0.000000 0.999998 0.000000 0.707107 0.000000 0.707106 3024.dat
1 15 109.999200 -51.999990 -30.000000 0.999998 0.000000 0.000000 0.000000 0.999998 0.000000 0.000000 0.000000 1.000000 98138.dat
1 71 69.999300 -52.000000 -50.000000 0.999998 0.000000 0.000000 0.000000 0.999998 0.000000 0.000000 0.000000 1.000000 98138.dat
1 71 109.999200 -51.999990 -10.000000 0.999998 0.000000 0.000000 0.000000 0.999998 0.000000 0.000000 0.000000 1.000000 6141.dat
1 71 -100.000400 -52.000030 -40.000000 0.999998 0.000000 0.000000 0.000000 0.999998 0.000000 0.000000 0.000000 1.000000 4032a.dat
1 322 -100.000400 -62.000020 -39.999990 0.000000 0.999998 0.000000 -0.999998 0.000000 0.000000 0.000000 0.000000 1.000000 32016.dat
1 28 -100.000400 -62.220000 -39.999990 0.000000 -0.999998 0.000000 -0.999998 0.000000 0.000000 0.000000 0.000000 -1.000000 6587.dat
1 72 -100.000400 -82.219880 -39.999990 0.000000 0.999998 0.000000 -0.999998 0.000000 0.000000 0.000000 0.000000 1.000000 15460.dat
1 0 -130.000300 -70.000040 10.000010 0.000000 1.000000 0.000000 1.000000 0.000000 0.000000 0.000000 0.000000 -1.000000 39794.dat
1 4 -130.000100 -20.000000 90.000000 0.000000 0.999998 0.000000 -0.999998 0.000000 0.000000 0.000000 0.000000 1.000000 89678.dat
1 4 -130.000300 -20.000000 50.000000 0.000000 1.000000 0.000000 -1.000000 0.000000 0.000000 0.000000 0.000000 1.000000 89678.dat
1 4 -130.000300 -20.000000 10.000000 0.000000 1.000000 0.000000 -1.000000 0.000000 0.000000 0.000000 0.000000 1.000000 89678.dat
1 4 -130.000300 -20.000000 -30.000000 0.000000 1.000000 0.000000 -1.000000 0.000000 0.000000 0.000000 0.000000 1.000000 89678.dat
1 4 -130.000300 -20.000010 -70.000000 0.000000 1.000000 0.000000 -1.000000 0.000000 0.000000 0.000000 0.000000 1.000000 89678.dat
1 0 -130.000300 -110.000000 -100.000000 0.000000 0.000000 -1.000000 0.000000 1.000000 0.000000 1.000000 0.000000 0.000000 2780.dat
1 0 -130.000300 -29.999960 -100.000000 -0.000001 -0.000001 -1.000000 0.000000 1.000000 -0.000001 1.000000 0.000000 -0.000001 2780.dat
1 0 -130.000300 -30.000000 120.000000 0.000000 0.000000 -1.000000 0.000000 1.000000 0.000000 1.000000 0.000000 0.000000 2780.dat
1 0 -130.000300 -110.000000 120.000000 0.000000 0.000000 -1.000000 0.000000 1.000000 0.000000 1.000000 0.000000 0.000000 2780.dat
1 0 149.998900 -69.999690 10.000120 0.000000 0.999995 0.000000 0.999994 0.000000 0.000000 0.000000 0.000000 -1.000000 39794.dat
1 4 149.999600 -19.999960 90.000030 0.000000 0.999999 0.000000 -0.999998 0.000000 0.000000 0.000000 0.000000 1.000000 89678.dat
1 4 149.999600 -19.999960 50.000030 0.000000 0.999999 0.000000 -0.999998 0.000000 0.000000 0.000000 0.000000 1.000000 89678.dat
1 4 149.999600 -19.999960 10.000090 0.000000 0.999999 0.000000 -0.999998 0.000000 0.000000 0.000000 0.000000 1.000000 89678.dat
1 4 149.999600 -19.999970 -29.999960 0.000000 0.999999 0.000000 -0.999998 0.000000 0.000000 0.000000 0.000000 1.000000 89678.dat
1 4 149.999100 -19.999960 -70.000000 0.000000 0.999998 0.000000 -0.999998 0.000000 0.000000 0.000000 0.000000 1.000000 89678.dat
1 0 149.999700 -109.999800 -100.000100 0.000000 0.000000 -0.999999 0.000000 0.999998 0.000000 1.000000 0.000000 0.000000 2780.dat
1 0 149.999600 -29.999960 -100.000000 0.000000 0.000000 -0.999999 0.000000 0.999998 0.000000 1.000000 0.000000 0.000000 2780.dat
1 0 149.999700 -29.999950 120.000000 0.000000 0.000000 -0.999999 0.000000 0.999998 0.000000 1.000000 0.000000 0.000000 2780.dat
1 0 149.999600 -109.999800 120.000000 0.000000 0.000000 -0.999999 0.000000 0.999998 0.000000 1.000000 0.000000 0.000000 2780.dat
1 70 9.999680 -30.000010 130.000000 0.000000 0.000000 -1.000000 -1.000000 0.000000 0.000000 0.000000 1.000000 0.000000 32278.dat
1 70 9.999710 -110.000000 130.000000 0.000000 0.000000 -1.000000 -1.000000 0.000000 0.000000 0.000000 1.000000 0.000000 32278.dat
1 1 29.999800 -29.999820 -110.000100 0.000000 0.000000 1.000000 0.000000 -1.000001 0.000000 1.000000 0.000000 0.000000 6558.dat
1 72 9.999710 -130.000000 -109.998100 0.000000 0.000000 1.000000 -1.000000 0.000000 0.000000 0.000000 -1.000000 0.000000 39790.dat
1 0 -10.000270 -30.000000 -100.000000 -0.000001 0.000000 -1.000000 0.000001 1.000000 0.000000 1.000000 -0.000001 -0.000001 2780.dat
1 0 -130.000300 -190.000100 -100.000100 0.000000 0.000000 0.999999 0.000000 -1.000001 0.000000 1.000000 0.000000 0.000000 2780.dat
1 0 149.999600 -190.000200 -100.000100 0.000000 0.000000 0.999999 0.000000 -1.000001 0.000000 1.000000 0.000000 0.000000 2780.dat
1 72 89.999610 -110.000100 -90.000080 -0.800000 0.000000 0.600000 -0.600001 0.000000 -0.800002 0.000000 -1.000000 0.000000 32525.dat
1 72 -70.000270 -109.999900 -90.000040 -0.800000 0.000000 -0.600000 0.600001 0.000000 -0.800002 0.000000 -1.000000 0.000000 32525.dat
1 0 -10.000260 -230.000100 -100.000200 0.000000 -0.999999 0.000000 0.000000 0.000000 -1.000001 1.000000 0.000000 0.000000 2780.dat
1 72 -0.241990 -130.477400 -90.000130 0.995227 0.000000 0.097583 -0.097584 0.000000 0.995229 0.000000 -1.000000 0.000000 32525.dat
1 0 -130.000300 -150.000000 -120.000100 0.000000 -1.000000 0.000000 0.000000 0.000000 -1.000001 1.000000 0.000000 0.000000 2780.dat
1 71 -50.000180 -89.999900 -130.000200 0.600001 0.000000 -0.799999 -0.800000 0.000000 -0.600001 0.000000 1.000000 0.000000 41239.dat
1 0 -114.000100 -137.999900 -140.000200 0.000000 -1.000000 0.000000 0.000000 0.000000 -1.000000 1.000000 0.000000 0.000000 2780.dat
1 0 -18.000200 -65.999860 -140.000100 0.000000 -1.000000 0.000000 0.000000 0.000000 -1.000000 1.000000 0.000000 0.000000 2780.dat
1 0 -34.000180 -77.999870 -140.000100 0.000000 -1.000000 0.000000 0.000000 0.000000 -1.000000 1.000000 0.000000 0.000000 2780.dat
1 71 -66.000120 -101.999900 -170.000200 0.800000 -0.600000 0.000000 0.600000 0.800000 0.000000 0.000000 0.000000 1.000000 15458.dat
1 0 -18.000130 -65.999940 -200.000200 0.000000 -1.000000 0.000000 0.000000 0.000000 -1.000000 1.000000 0.000000 0.000000 2780.dat
1 0 -34.000120 -77.999940 -200.000200 0.000000 -1.000000 0.000000 0.000000 0.000000 -1.000000 1.000000 0.000000 0.000000 2780.dat
1 0 -114.000100 -138.000000 -200.000200 0.000000 -1.000000 0.000000 0.000000 0.000000 -1.000000 1.000000 0.000000 0.000000 2780.dat
1 72 45.999780 -17.999930 -200.000600 0.000000 -0.624596 -0.780949 0.000000 -0.780949 0.624596 -1.000001 0.000000 0.000000 55013.dat
1 71 45.999770 -17.999900 -270.000200 0.800001 0.000000 0.600000 0.600001 0.000000 -0.800001 0.000000 1.000001 0.000000 18654.dat
1 71 33.507850 -33.618880 -250.000500 -0.000004 -0.624595 -0.780949 0.000000 -0.780949 0.624595 -1.000000 0.000002 0.000003 32184.dat
1 1 21.015900 -49.237860 -240.000400 0.000000 -0.780949 0.624596 0.000000 0.624596 0.780949 -1.000000 0.000000 0.000001 43093.dat
1 71 -3.967820 -80.475830 -230.000300 -0.780949 0.000000 0.624596 0.624595 0.000000 0.780949 0.000000 1.000001 0.000000 80286.dat
1 71 -28.000150 -85.999930 -210.000200 -0.800000 -0.600000 0.000000 -0.600000 0.800000 0.000000 0.000000 0.000000 -1.000000 3895.dat
1 71 26.399730 -75.199970 -210.000500 0.000000 -0.600000 -0.800001 0.000000 0.800000 -0.600000 1.000001 0.000000 0.000000 60477.dat
1 71 -53.600260 -135.200000 -210.000500 0.000000 -0.600000 0.800001 0.000000 0.800000 0.600000 -1.000001 0.000000 0.000000 60477.dat
1 71 -13.600220 -105.199900 -210.000500 -0.800001 -0.600000 0.000000 -0.600000 0.800000 0.000000 0.000000 0.000000 -1.000001 3010.dat
1 0 61.618760 -30.491840 -190.000500 0.000000 0.624596 0.780948 0.000000 0.780948 -0.624596 -1.000000 0.000000 0.000000 32039.dat
1 1 69.428240 -36.737790 -190.000500 -0.780949 0.000000 0.624596 0.624596 0.000000 0.780948 0.000000 1.000000 0.000000 43093.dat
1 72 92.856700 -55.475660 -170.000500 0.780948 -0.624596 0.000000 -0.624596 -0.780948 0.000000 0.000000 0.000000 -1.000000 39793.dat
1 1 69.428230 -36.737790 -150.000500 -0.780949 0.000000 0.624595 0.624596 0.000000 0.780949 0.000000 1.000000 0.000000 43093.dat
1 0 61.618740 -30.491830 -150.000500 0.000000 0.624596 0.780949 0.000000 0.780948 -0.624596 -1.000000 0.000000 0.000000 32039.dat
1 71 -3.967830 -80.475840 -240.000300 0.000000 -0.780949 -0.624595 0.000000 0.624595 -0.780949 1.000000 0.000000 0.000000 2736.dat
1 19 -66.000140 -101.999900 -230.000200 0.000000 0.000000 -1.000000 0.000000 1.000000 0.000000 1.000000 0.000000 0.000000 32556.dat
1 4 -59.234860 -120.821000 -230.000200 0.941051 0.000000 0.338265 0.338265 0.000000 -0.941051 0.000000 1.000000 0.000000 32523.dat
1 4 -66.000140 -102.000000 -250.000200 1.000000 0.000000 0.000000 0.000000 0.000000 -1.000000 0.000000 1.000000 0.000000 18654.dat
1 4 -52.469550 -139.642000 -250.000300 0.908508 0.000000 -0.417868 -0.417868 -0.000001 -0.908508 0.000000 1.000000 -0.000001 40490.dat
1 71 -52.469560 -139.642000 -240.000200 0.000000 0.000000 1.000000 0.000000 1.000000 0.000000 -1.000000 0.000000 0.000000 3673.dat
1 19 -19.586820 -67.983920 -250.000400 0.000000 0.000000 1.000000 0.000000 1.000000 0.000000 -1.000000 0.000000 0.000000 32556.dat
1 0 -19.586840 -67.983920 -280.000400 1.000000 0.000000 0.000000 0.000000 1.000000 0.000000 0.000000 0.000000 1.000000 58090.dat
1 71 -19.586840 -67.983920 -280.000400 1.000000 0.000000 0.000000 0.000000 1.000000 0.000000 0.000000 0.000000 1.000000 55981.dat
1 4 149.999000 -139.999300 -29.999900 0.000000 0.000000 -1.000000 -1.000000 0.000000 0.000000 0.000000 1.000000 0.000000 89678.dat
1 4 149.998900 -139.999300 10.000120 0.000000 0.000000 -1.000000 -1.000000 0.000000 0.000000 0.000000 1.000000 0.000000 89678.dat
1 4 149.998900 -139.999300 50.000140 0.000000 0.000000 -1.000000 -1.000000 0.000000 0.000000 0.000000 1.000000 0.000000 89678.dat
1 4 -130.000300 -140.000000 -30.000000 0.000000 0.000000 -1.000000 -1.000000 0.000000 0.000000 0.000000 1.000000 0.000000 89678.dat
1 4 -130.000300 -140.000000 10.000010 0.000000 0.000000 -1.000000 -1.000000 0.000000 0.000000 0.000000 1.000000 0.000000 89678.dat
1 4 -130.000300 -140.000000 50.000020 0.000000 0.000000 -1.000000 -1.000000 0.000000 0.000000 0.000000 1.000000 0.000000 89678.dat
1 72 200.000800 -139.999300 20.000090 0.000000 0.000000 -1.000001 0.000000 1.000000 0.000000 1.000001 0.000000 0.000000 6082.dat
1 15 180.000800 -139.999300 20.000100 0.000000 0.000000 -1.000001 0.000000 1.000000 0.000000 1.000001 0.000000 0.000000 3795.dat
1 27 210.000900 -123.999300 -49.999980 1.000001 0.000000 0.000000 0.000000 1.000000 0.000000 0.000000 0.000000 1.000001 3024.dat
1 27 230.000900 -147.999300 30.000090 1.000001 0.000000 0.000000 0.000000 1.000000 0.000000 0.000000 0.000000 1.000001 3024.dat
1 72 230.000900 -19.999340 -29.999960 1.000001 0.000000 0.000000 0.000000 1.000000 0.000000 0.000000 0.000000 1.000001 54200.dat
1 72 210.000900 -115.999300 90.000140 -1.000001 0.000000 0.000000 0.000000 1.000000 0.000000 0.000000 0.000000 -1.000001 54200.dat
1 2 230.000900 -99.999330 90.000140 1.000001 0.000000 0.000000 0.000000 1.000000 0.000000 0.000000 0.000000 1.000001 3024.dat
1 2 230.000900 -51.999330 0.000050 0.000000 0.000000 -1.000001 0.000000 1.000000 0.000000 1.000001 0.000000 0.000000 3023b.dat
1 72 190.000900 -139.999300 110.000200 0.000000 0.000000 -1.000001 0.000000 1.000000 0.000000 1.000001 0.000000 0.000000 6541.dat
1 72 170.000900 -139.999300 110.000200 0.000000 0.000000 -1.000001 0.000000 1.000000 0.000000 1.000001 0.000000 0.000000 6541.dat
1 72 190.000900 -19.999340 110.000200 0.000000 0.000000 -1.000001 0.000000 1.000000 0.000000 1.000001 0.000000 0.000000 6541.dat
1 72 170.000900 -19.999340 110.000200 0.000000 0.000000 -1.000001 0.000000 1.000000 0.000000 1.000001 0.000000 0.000000 6541.dat
1 1 170.000900 -129.999300 110.000200 -1.000001 0.000000 0.000000 0.000000 1.000000 0.000000 0.000000 0.000000 -1.000001 6558.dat
1 1 170.000700 -9.999340 110.000100 -1.000000 0.000000 0.000000 0.000000 1.000000 0.000000 0.000000 0.000000 -1.000000 6558.dat
1 72 180.000900 -147.999300 100.000200 1.000001 0.000000 0.000000 0.000000 1.000000 0.000000 0.000000 0.000000 1.000001 3022.dat
1 72 -179.998000 -140.000000 19.999820 0.000000 0.000000 1.000000 0.000000 1.000000 0.000000 -1.000000 0.000000 0.000000 6082.dat
1 15 -159.998000 -140.000000 19.999820 0.000000 0.000000 -1.000000 0.000000 1.000000 0.000000 1.000000 0.000000 0.000000 3795.dat
1 27 -189.998000 -124.000000 89.999910 1.000000 0.000000 0.000000 0.000000 1.000000 0.000000 0.000000 0.000000 1.000000 3024.dat
1 27 -209.998100 -148.000000 9.999900 1.000000 0.000000 0.000000 0.000000 1.000000 0.000000 0.000000 0.000000 1.000000 3024.dat
1 72 -189.998000 -116.000000 -50.000080 1.000000 0.000000 0.000000 0.000000 1.000000 0.000000 0.000000 0.000000 1.000000 54200.dat
1 72 -209.998100 -20.000030 69.999910 -1.000000 0.000000 0.000000 0.000000 1.000000 0.000000 0.000000 0.000000 -1.000000 54200.dat
1 2 -209.998100 -100.000000 -50.000080 1.000000 0.000000 0.000000 0.000000 1.000000 0.000000 0.000000 0.000000 1.000000 3024.dat
1 2 -209.998100 -52.000040 39.999910 0.000000 0.000000 -1.000000 0.000000 1.000000 0.000000 1.000000 0.000000 0.000000 3023b.dat
1 72 -169.998000 -20.000030 109.999900 0.000000 0.000000 -1.000000 0.000000 1.000000 0.000000 1.000000 0.000000 0.000000 6541.dat
1 72 -149.997900 -20.000030 109.999900 0.000000 0.000000 -1.000000 0.000000 1.000000 0.000000 1.000000 0.000000 0.000000 6541.dat
1 72 -169.997900 -140.000000 109.999900 0.000000 0.000000 -1.000000 0.000000 1.000000 0.000000 1.000000 0.000000 0.000000 6541.dat
1 72 -149.997900 -140.000000 109.999900 0.000000 0.000000 -1.000000 0.000000 1.000000 0.000000 1.000000 0.000000 0.000000 6541.dat
1 1 -149.998300 -10.000030 110.000000 1.000000 0.000000 0.000000 0.000000 1.000000 0.000000 0.000000 0.000000 1.000000 6558.dat
1 1 -149.997900 -130.000000 109.999900 1.000000 0.000000 0.000000 0.000000 1.000000 0.000000 0.000000 0.000000 1.000000 6558.dat
1 72 -159.998000 -148.000000 99.999920 1.000000 0.000000 0.000000 0.000000 1.000000 0.000000 0.000000 0.000000 1.000000 3022.dat
1 72 180.000800 -163.999300 -19.999980 -1.000000 0.000000 0.000000 0.000000 1.000000 0.000000 0.000000 0.000000 -1.000000 3001.dat
1 72 180.000800 -163.999300 -29.999960 1.000000 0.000000 0.000000 0.000000 1.000000 0.000000 0.000000 0.000000 1.000000 85984.dat
1 72 160.000800 -187.999300 20.000050 0.000000 0.000000 1.000000 0.000000 1.000000 0.000000 -1.000000 0.000000 0.000000 3001.dat
1 72 180.000800 -163.999300 20.000050 -1.000000 0.000000 0.000000 0.000000 1.000000 0.000000 0.000000 0.000000 -1.000000 3001.dat
1 72 180.000900 -163.999300 60.000120 -1.000000 0.000000 0.000000 0.000000 1.000000 0.000000 0.000000 0.000000 -1.000000 3001.dat
1 72 190.000800 -187.999300 0.000030 0.000000 0.000000 -1.000000 0.000000 1.000000 0.000000 1.000000 0.000000 0.000000 3039.dat
1 72 190.000800 -187.999300 30.000060 0.000000 0.000000 -1.000000 0.000000 1.000000 0.000000 1.000000 0.000000 0.000000 13548.dat
1 2 160.000800 -195.999300 10.000000 -1.000000 0.000000 0.000000 0.000000 1.000000 0.000000 0.000000 0.000000 -1.000000 3069b.dat
1 72 -159.998000 -164.000000 59.999820 1.000000 0.000000 0.000000 0.000000 1.000000 0.000000 0.000000 0.000000 1.000000 3001.dat
1 72 -159.998000 -164.000000 69.999820 -1.000000 0.000000 0.000000 0.000000 1.000000 0.000000 0.000000 0.000000 -1.000000 85984.dat
1 72 -139.998000 -188.000000 19.999850 0.000000 0.000000 -1.000000 0.000000 1.000000 0.000000 1.000000 0.000000 0.000000 3001.dat
1 72 -159.998000 -164.000000 19.999840 1.000000 0.000000 0.000000 0.000000 1.000000 0.000000 0.000000 0.000000 1.000000 3001.dat
1 72 -159.998000 -164.000000 -20.000160 1.000000 0.000000 0.000000 0.000000 1.000000 0.000000 0.000000 0.000000 1.000000 3001.dat
1 72 -169.998000 -188.000000 39.999820 0.000000 0.000000 1.000000 0.000000 1.000000 0.000000 -1.000000 0.000000 0.000000 3039.dat
1 72 -169.998000 -188.000000 9.999869 0.000000 0.000000 1.000000 0.000000 1.000000 0.000000 -1.000000 0.000000 0.000000 13548.dat
1 2 -139.998000 -196.000000 29.999840 1.000000 0.000000 0.000000 0.000000 1.000000 0.000000 0.000000 0.000000 1.000000 3069b.dat
1 72 -103.200500 -152.399900 -160.000000 0.800001 -0.600000 0.000000 0.600000 0.800001 0.000000 0.000000 0.000000 1.000000 42291.dat
1 72 -64.800480 -203.600000 -160.000200 0.800000 -0.600000 0.000000 0.600000 0.800000 0.000000 0.000000 0.000000 1.000000 42284.dat
1 72 -39.200460 -104.399800 -160.000100 0.800000 -0.599999 0.000000 0.600001 0.800000 0.000000 0.000000 0.000000 1.000000 42291.dat
1 72 -0.800470 -155.600000 -160.000200 0.800000 -0.600000 0.000000 0.600000 0.800000 0.000000 0.000000 0.000000 1.000000 42284.dat
1 72 24.799840 -56.399860 -160.000200 0.800000 -0.600001 0.000000 0.600001 0.800000 0.000000 0.000000 0.000000 1.000000 42291.dat
1 72 63.199570 -107.600000 -160.000200 0.799997 -0.600000 0.000000 0.599998 0.800000 0.000000 0.000000 0.000000 1.000000 42284.dat
1 72 -98.400520 -158.799900 -160.000000 0.800001 -0.600000 0.000000 0.600000 0.800001 0.000000 0.000000 0.000000 1.000000 6141.dat
1 72 -34.400460 -110.799700 -160.000100 0.800000 -0.599999 0.000000 0.600001 0.800000 0.000000 0.000000 0.000000 1.000000 6141.dat
1 72 -29.600440 -117.199800 -160.000100 0.800000 -0.599999 0.000000 0.600001 0.800000 0.000000 0.000000 0.000000 1.000000 3022.dat
1 72 29.599740 -62.799850 -160.000200 0.799997 -0.599998 0.000000 0.599998 0.800000 0.000000 0.000000 0.000000 1.000000 6141.dat
1 72 34.399700 -69.199940 -160.000200 0.799997 -0.599998 0.000000 0.599998 0.800000 0.000000 0.000000 0.000000 1.000000 4032a.dat
1 70 31.199720 -81.599910 -150.000200 0.799997 -0.599998 0.000000 0.599998 0.800000 0.000000 0.000000 0.000000 1.000000 53119.dat
1 70 47.199700 -69.599910 -170.000200 0.799997 -0.599998 0.000000 0.599998 0.800000 0.000000 0.000000 0.000000 1.000000 6141.dat
1 19 31.199720 -81.599910 -170.000200 0.799997 -0.599998 0.000000 0.599998 0.800000 0.000000 0.000000 0.000000 1.000000 98138.dat
1 15 47.199700 -69.599910 -150.000200 0.799997 -0.599998 0.000000 0.599998 0.800000 0.000000 0.000000 0.000000 1.000000 6141.dat
