0 FILE MineshaftExplorer.io
0 Untitled Model
0 Name:  MineshaftExplorer
0 Author:  
0 CustomBrick
0 FlexibleBrickControlPointUnitLength -1
1 72 0.000000 -9.000000 -0.000050 0.000000 0.000000 -1.000000 0.000000 1.000000 0.000000 1.000000 0.000000 0.000000 39790.dat
1 71 -160.000000 -9.000000 79.999980 0.000000 0.000000 -1.000000 -1.000000 0.000000 0.000000 0.000000 1.000000 0.000000 55615.dat
1 71 -160.000000 -9.000010 -80.000010 0.000000 0.000000 -1.000000 1.000000 0.000000 0.000000 0.000000 -1.000000 0.000000 55615.dat
1 71 -19.999970 -9.000010 79.999980 0.000000 1.000000 0.000000 1.000000 0.000000 0.000000 0.000000 0.000000 -1.000000 2393.dat
1 71 -20.000010 -8.999990 -80.000060 0.000000 1.000000 0.000000 -1.000000 0.000000 0.000000 0.000000 0.000000 1.000000 2393.dat
1 4 -160.000000 -19.000010 79.999980 0.000000 0.000000 -1.000000 -1.000000 0.000000 0.000000 0.000000 1.000000 0.000000 89678.dat
1 4 -160.000000 -19.000000 39.999990 0.000000 0.000000 -1.000000 -1.000000 0.000000 0.000000 0.000000 1.000000 0.000000 89678.dat
1 4 -160.000000 -19.000010 -40.000010 0.000000 0.000000 -1.000000 -1.000000 0.000000 0.000000 0.000000 1.000000 0.000000 89678.dat
1 4 -160.000000 -19.000010 -80.000020 0.000000 0.000000 -1.000000 -1.000000 0.000000 0.000000 0.000000 1.000000 0.000000 89678.dat
1 4 -39.999960 -19.000010 79.999980 0.000000 0.000000 -1.000000 -1.000000 0.000000 0.000000 0.000000 1.000000 0.000000 89678.dat
1 4 0.000040 -19.000020 79.999980 0.000000 0.000000 -1.000000 -1.000000 0.000000 0.000000 0.000000 1.000000 0.000000 89678.dat
1 4 -40.000000 -19.000000 -80.000060 0.000000 0.000000 -1.000000 -1.000000 0.000000 0.000000 0.000000 1.000000 0.000000 89678.dat
1 4 -0.000010 -18.999990 -80.000060 0.000000 0.000000 -1.000000 -1.000000 0.000000 0.000000 0.000000 1.000000 0.000000 89678.dat
1 15 60.000030 -18.997980 99.999920 0.000000 0.000000 -1.000000 -1.000000 0.000000 0.000000 0.000000 1.000000 0.000000 4274.dat
1 15 59.999960 -18.998050 -100.000100 0.000000 0.000000 -1.000000 -1.000000 0.000000 0.000000 0.000000 1.000000 0.000000 4274.dat
1 71 -200.000000 -9.000000 99.999980 0.000000 0.000000 -1.000000 -1.000000 0.000000 0.000000 0.000000 1.000000 0.000000 32316.dat
1 0 -220.000000 -9.000000 110.000000 0.000000 0.000000 -1.000000 0.000000 1.000000 0.000000 1.000000 0.000000 0.000000 2780.dat
1 0 -180.000000 -9.000000 110.000000 0.000000 0.000000 -1.000000 0.000000 1.000000 0.000000 1.000000 0.000000 0.000000 2780.dat
1 71 -140.000000 -9.000000 120.000000 0.000000 0.000000 -1.000000 -1.000000 0.000000 0.000000 0.000000 1.000000 0.000000 80286.dat
1 4 -140.000000 -29.000010 130.000000 0.000000 0.000000 -1.000000 0.000000 1.000000 0.000000 1.000000 0.000000 0.000000 89678.dat
1 4 -160.000000 -9.000010 130.000000 0.000000 0.000000 -1.000000 0.000000 1.000000 0.000000 1.000000 0.000000 0.000000 89678.dat
1 0 79.999950 -9.000000 -110.000100 0.000000 0.000000 -1.000000 0.000000 1.000000 0.000000 1.000000 0.000000 0.000000 2780.dat
1 0 120.000000 -9.000000 -110.000100 0.000000 0.000000 -1.000000 0.000000 1.000000 0.000000 1.000000 0.000000 0.000000 2780.dat
1 0 120.000000 -9.000000 109.999900 0.000000 0.000000 -1.000000 0.000000 1.000000 0.000000 1.000000 0.000000 0.000000 2780.dat
1 0 80.000040 -9.000000 109.999900 0.000000 0.000000 -1.000000 0.000000 1.000000 0.000000 1.000000 0.000000 0.000000 2780.dat
1 72 99.999950 -9.000000 -140.000100 0.000000 0.000000 -1.000000 0.000000 1.000000 0.000000 1.000000 0.000000 0.000000 39793.dat
1 72 100.000000 -9.000000 139.999900 0.000000 0.000000 -1.000000 0.000000 1.000000 0.000000 1.000000 0.000000 0.000000 39793.dat
1 1 100.000100 -19.000000 159.999900 0.000000 1.000000 0.000000 -1.000000 0.000000 0.000000 0.000000 0.000000 1.000000 43093.dat
1 1 100.000000 -19.000000 119.999900 0.000000 1.000000 0.000000 -1.000000 0.000000 0.000000 0.000000 0.000000 1.000000 43093.dat
1 71 100.000000 -29.000000 139.999900 0.000000 0.000000 1.000000 -1.000000 0.000000 0.000000 0.000000 -1.000000 0.000000 32184.dat
1 0 99.999970 -19.000010 -120.000100 0.000000 0.000000 1.000000 1.000000 0.000000 0.000000 0.000000 1.000000 0.000000 2780.dat
1 0 99.999970 -19.000000 -140.000100 0.000000 0.000000 1.000000 1.000000 0.000000 0.000000 0.000000 1.000000 0.000000 2780.dat
1 72 99.999980 -29.000000 -140.000100 1.000000 0.000000 0.000000 0.000000 0.000000 -1.000000 0.000000 1.000000 0.000000 42003.dat
1 19 -140.000000 -27.000000 -0.000020 0.000000 0.000000 -1.000000 0.000000 1.000000 0.000000 1.000000 0.000000 0.000000 3033.dat
1 322 -110.000000 -19.000000 -70.000020 1.000000 0.000000 0.000000 0.000000 1.000000 0.000000 0.000000 0.000000 1.000000 3022.dat
1 322 -109.999900 -19.000000 69.999970 1.000000 0.000000 0.000000 0.000000 1.000000 0.000000 0.000000 0.000000 1.000000 3022.dat
1 322 -130.000000 -27.000000 49.999980 1.000000 0.000000 0.000000 0.000000 1.000000 0.000000 0.000000 0.000000 1.000000 54200.dat
1 19 -150.000000 -35.000000 9.999990 0.000000 0.000000 -1.000000 0.000000 1.000000 0.000000 1.000000 0.000000 0.000000 15712.dat
1 19 -150.000000 -35.000000 -50.000020 0.000000 0.000000 -1.000000 0.000000 1.000000 0.000000 1.000000 0.000000 0.000000 15712.dat
1 72 -141.650000 -41.000020 10.000000 0.000000 -1.000000 0.000000 0.000000 0.000000 1.000000 -1.000000 0.000000 0.000000 3837.dat
1 72 -142.130000 -41.000020 -49.999990 0.000000 -1.000000 0.000000 -1.000000 0.000000 0.000000 0.000000 0.000000 -1.000000 3841.dat
1 71 -170.000000 -27.000000 70.000000 -0.707107 0.000000 -0.707107 0.000000 1.000000 0.000000 0.707107 0.000000 -0.707107 95343.dat
1 297 -170.000000 -48.000000 70.000000 0.707107 0.612372 -0.353554 0.000000 -0.500001 -0.866025 -0.707107 0.612373 -0.353554 95344.dat
1 19 -19.999980 -27.000010 -0.000020 0.000000 0.000000 -1.000000 0.000000 1.000000 0.000000 1.000000 0.000000 0.000000 3033.dat
1 19 30.000020 -27.000010 -0.000040 0.000000 0.000000 -1.000000 0.000000 1.000000 0.000000 1.000000 0.000000 0.000000 85984.dat
1 19 10.000020 -51.000020 29.999970 0.000000 0.000000 -1.000000 0.000000 1.000000 0.000000 1.000000 0.000000 0.000000 3040b.dat
1 71 30.000030 -27.000010 49.999960 0.000000 0.000000 -1.000000 0.000000 1.000000 0.000000 1.000000 0.000000 0.000000 54200.dat
1 19 9.999980 -51.000020 -30.000030 1.000000 0.000000 0.000000 0.000000 1.000000 0.000000 0.000000 0.000000 1.000000 60477.dat
1 19 -9.999969 -51.000020 39.999970 0.000000 0.000000 -1.000000 0.000000 1.000000 0.000000 1.000000 0.000000 0.000000 3004.dat
1 19 -9.999990 -51.000020 -0.000020 1.000000 0.000000 0.000000 0.000000 1.000000 0.000000 0.000000 0.000000 1.000000 3002.dat
1 19 -20.000000 -51.000020 -40.000020 1.000000 0.000000 0.000000 0.000000 1.000000 0.000000 0.000000 0.000000 1.000000 3003.dat
1 19 -29.999980 -51.000020 29.999980 -1.000000 0.000000 0.000000 0.000000 1.000000 0.000000 0.000000 0.000000 -1.000000 3040b.dat
1 71 -10.000010 -27.000010 -70.000020 0.000000 0.000000 1.000000 0.000000 1.000000 0.000000 -1.000000 0.000000 0.000000 54200.dat
1 19 -49.999980 -51.000020 29.999990 -1.000000 0.000000 0.000000 0.000000 1.000000 0.000000 0.000000 0.000000 -1.000000 60477.dat
1 19 -49.999980 -51.000020 -30.000010 1.000000 0.000000 0.000001 0.000000 1.000000 0.000000 -0.000001 0.000000 1.000000 3040b.dat
1 19 -49.999980 -51.000020 0.000000 0.000000 0.000000 1.000000 0.000000 1.000000 0.000000 -1.000000 0.000000 0.000000 3039.dat
1 19 -69.999980 -75.000010 29.999990 -1.000000 0.000000 0.000000 0.000000 1.000000 0.000000 0.000000 0.000000 -1.000000 60481.dat
1 25 -10.000010 -59.000020 -10.000020 1.000000 0.000000 0.000000 0.000000 1.000000 0.000000 0.000000 0.000000 1.000000 27925.dat
1 25 -9.999969 -59.000020 9.999969 0.000000 0.000000 -1.000000 0.000000 1.000000 0.000000 1.000000 0.000000 0.000000 27925.dat
1 25 -29.999980 -59.000020 10.000010 -1.000000 0.000000 0.000000 0.000000 1.000000 0.000000 0.000000 0.000000 -1.000000 27925.dat
1 25 -29.999990 -59.000020 -10.000000 0.000000 0.000000 1.000000 0.000000 1.000000 0.000000 -1.000000 0.000000 0.000000 27925.dat
1 19 -9.999969 -51.000020 49.999960 -1.000000 0.000000 0.000000 0.000000 1.000000 0.000000 0.000000 0.000000 -1.000000 54200.dat
1 71 -20.000000 -51.000020 -50.000020 1.000000 0.000000 0.000000 0.000000 1.000000 0.000000 0.000000 0.000000 1.000000 85984.dat
1 0 40.000030 -9.000000 109.999900 0.000000 0.000000 -1.000000 0.000000 1.000000 0.000000 1.000000 0.000000 0.000000 2780.dat
1 71 40.000040 -89.000000 119.999900 1.000000 0.000000 0.000000 0.000000 0.000000 1.000000 0.000000 -1.000000 0.000000 40490.dat
1 4 40.000050 -29.000000 129.999900 0.000000 0.000000 -1.000000 0.000000 1.000000 0.000000 1.000000 0.000000 0.000000 89678.dat
1 4 40.000050 -69.000000 129.999900 0.000000 0.000000 -1.000000 0.000000 1.000000 0.000000 1.000000 0.000000 0.000000 89678.dat
1 4 40.000040 -109.000000 129.999900 0.000000 0.000000 -1.000000 0.000000 1.000000 0.000000 1.000000 0.000000 0.000000 89678.dat
1 0 -120.000000 -9.000000 110.000000 0.000000 0.000000 -1.000000 0.000000 1.000000 0.000000 1.000000 0.000000 0.000000 2780.dat
1 71 -119.999900 -88.999980 120.000000 1.000000 0.000000 0.000000 0.000000 0.000000 1.000000 0.000000 -1.000000 0.000000 40490.dat
1 4 -119.999900 -29.000000 130.000000 0.000000 0.000000 -1.000000 0.000000 1.000000 0.000000 1.000000 0.000000 0.000000 89678.dat
1 4 -119.999900 -109.000000 129.999900 0.000000 0.000000 -1.000000 0.000000 1.000000 0.000000 1.000000 0.000000 0.000000 89678.dat
1 0 40.000030 -169.000000 109.999900 0.000000 0.000000 -1.000000 0.000000 1.000000 0.000000 1.000000 0.000000 0.000000 2780.dat
1 0 -120.000000 -49.000000 110.000000 0.000000 0.000000 -1.000000 0.000000 1.000000 0.000000 1.000000 0.000000 0.000000 2780.dat
1 70 -39.863500 -108.818500 99.999900 0.601816 0.000000 -0.798635 0.798635 0.000000 0.601816 0.000000 -1.000000 0.000000 32525.dat
1 72 50.000040 -59.000000 138.000000 1.000000 0.000000 0.000000 0.000000 0.000000 1.000000 0.000000 -1.000000 0.000000 78443.dat
1 71 40.000040 -9.000010 162.000000 1.000000 0.000000 0.000000 0.000000 0.000000 1.000000 0.000000 -1.000000 0.000000 4286.dat
1 72 -139.999200 -79.000000 138.000000 1.000000 0.000000 0.000000 0.000000 0.000000 1.000000 0.000000 -1.000000 0.000000 50304.dat
1 71 -119.999200 -9.000000 162.000000 1.000000 0.000000 0.000000 0.000000 0.000000 1.000000 0.000000 -1.000000 0.000000 3040b.dat
1 71 -139.999200 -8.999990 138.000000 0.000000 0.000000 1.000000 -1.000000 0.000000 0.000000 0.000000 -1.000000 0.000000 54200.dat
1 0 -175.768400 -110.854500 59.999920 0.601815 0.798636 0.000000 -0.798636 0.601815 0.000000 0.000000 0.000000 1.000000 2730.dat
1 0 -131.673100 -152.754400 69.999900 0.000000 0.798636 -0.601815 0.000000 0.601815 0.798636 1.000000 0.000000 0.000000 2780.dat
1 0 -215.927200 -40.945440 69.999900 0.000000 0.798636 -0.601815 -0.000001 0.601815 0.798636 1.000000 0.000000 0.000000 2780.dat
1 70 -179.818300 -88.863570 79.999920 0.798636 0.000000 -0.601815 0.601815 0.000000 0.798636 0.000000 -1.000000 0.000000 32525.dat
1 0 -240.000000 -8.999990 89.999950 0.000000 1.000000 0.000000 0.000000 0.000000 1.000000 1.000000 0.000000 0.000000 2780.dat
1 1 -119.636800 -168.727100 99.999920 0.000000 0.798636 -0.601815 0.000000 0.601815 0.798636 1.000000 0.000000 0.000000 6558.dat
1 71 -119.636800 -168.727100 99.999920 0.601815 0.000000 -0.798636 -0.798636 0.000000 -0.601815 0.000000 1.000000 0.000000 18654.dat
1 72 -115.958200 -203.518300 -10.000080 -0.601815 0.798636 0.000000 0.798636 0.601815 0.000000 0.000000 0.000000 -1.000000 50304.dat
1 72 -146.048500 -163.587000 -10.000080 0.000000 0.798636 0.601815 0.000000 0.601815 -0.798636 -1.000000 0.000000 0.000000 3034.dat
1 72 -182.157500 -115.668800 -10.000050 0.000000 0.798636 -0.601815 0.000000 0.601815 0.798636 1.000000 0.000000 0.000000 3035.dat
1 72 -230.302700 -51.778080 -10.000120 0.000000 0.798636 -0.601815 -0.000001 0.601815 0.798636 1.000000 0.000000 0.000000 3035.dat
1 322 -127.623200 -174.745200 29.999920 0.601815 0.798636 0.000000 -0.798636 0.601815 0.000000 0.000000 0.000000 1.000000 3022.dat
1 322 -127.623200 -174.745200 -20.000090 0.000000 0.798636 0.601815 0.000000 0.601815 -0.798636 -1.000000 0.000000 0.000000 3021.dat
1 0 -175.768400 -110.854300 -60.000080 -0.601815 0.798636 0.000000 0.798636 0.601815 0.000000 0.000000 0.000000 -1.000000 2730.dat
1 0 -215.927200 -40.945320 -70.000080 0.000000 0.798636 0.601815 0.000001 0.601815 -0.798636 -1.000000 0.000000 -0.000001 2780.dat
1 0 -131.673200 -152.754200 -70.000130 0.000000 0.798636 0.601815 0.000001 0.601815 -0.798636 -1.000000 0.000000 -0.000001 2780.dat
1 70 -179.818300 -88.863460 -80.000130 0.798636 0.000000 0.601815 0.601815 0.000000 -0.798636 0.000000 1.000000 0.000000 32525.dat
1 0 -239.999800 -8.999880 -90.000080 0.000000 1.000000 0.000000 0.000000 0.000000 -1.000000 -1.000000 0.000000 0.000000 2780.dat
1 1 -119.636900 -168.726900 -100.000100 0.000000 0.798636 0.601815 0.000001 0.601815 -0.798636 -1.000000 0.000000 -0.000001 6558.dat
1 71 -119.636900 -168.726900 -100.000100 -0.601815 0.000000 -0.798636 0.798636 0.000001 -0.601815 0.000000 -1.000000 -0.000001 18654.dat
1 72 -225.397400 -98.167010 -80.000160 0.601815 0.798636 0.000000 -0.798636 0.601815 0.000000 0.000000 0.000000 1.000000 3008.dat
1 71 -171.233900 -170.044300 -80.000140 -0.601815 0.798636 0.000000 0.798636 0.601815 0.000000 0.000000 0.000000 -1.000000 3040b.dat
1 19 -159.197700 -186.016900 -80.000160 0.000000 0.798636 -0.601815 0.000000 0.601815 0.798636 1.000000 0.000000 0.000000 60477.dat
1 19 -261.506300 -50.248840 -60.000070 0.601815 0.798636 0.000000 -0.798636 0.601815 0.000000 0.000000 0.000000 1.000000 3004.dat
1 71 -267.524400 -42.262550 -40.000100 -0.601815 0.798636 0.000000 0.798636 0.601815 0.000000 0.000000 0.000000 -1.000000 4286.dat
1 71 -231.786400 -102.981500 -60.000130 0.000000 0.798636 -0.601815 0.000000 0.601815 0.798636 1.000000 0.000000 0.000000 50305.dat
1 72 -254.746200 -32.633520 39.999920 0.000000 0.798636 -0.601815 0.000000 0.601815 0.798636 1.000000 0.000000 0.000000 3623.dat
1 19 -212.619100 -88.538100 40.000620 0.000000 0.798636 -0.601815 0.000000 0.601815 0.798636 1.000000 0.000000 0.000000 54383.dat
1 2 -152.437700 -168.401600 49.999940 0.000000 0.798636 0.601815 0.000000 0.601815 -0.798636 -1.000000 0.000000 0.000000 41770.dat
1 71 -199.999800 -8.999869 -100.000100 0.000000 0.000000 -1.000000 -1.000000 0.000000 0.000000 0.000000 1.000000 0.000000 32316.dat
1 0 -120.000000 -9.000010 -110.000000 0.000000 1.000000 0.000000 0.000000 0.000000 -1.000000 -1.000000 0.000000 0.000000 2780.dat
1 0 39.999980 -9.000000 -110.000100 0.000000 1.000000 0.000000 0.000000 0.000000 -1.000000 -1.000000 0.000000 0.000000 2780.dat
1 72 -119.636900 -148.726900 -120.000100 1.000000 0.000000 0.000000 0.000000 0.000000 -1.000000 0.000000 1.000000 0.000000 71710.dat
1 72 39.999980 -149.000000 -120.000000 1.000000 0.000000 0.000000 0.000000 0.000000 -1.000000 0.000000 1.000000 0.000000 71710.dat
1 0 -119.636900 -48.726940 -110.000100 0.000000 0.000000 -1.000000 0.000000 1.000000 0.000000 1.000000 0.000000 0.000000 2780.dat
1 0 39.999980 -169.000000 -110.000000 0.000000 0.000000 -1.000000 0.000000 1.000000 0.000000 1.000000 0.000000 0.000000 2780.dat
1 70 -39.863530 -108.818500 -100.000000 0.601816 0.000000 -0.798635 0.798635 0.000000 0.601815 0.000000 -1.000000 0.000000 32525.dat
1 0 49.999980 -229.000000 -120.000000 -1.000000 0.000000 0.000000 0.000000 1.000000 0.000000 0.000000 0.000000 -1.000000 2780.dat
1 0 -129.636900 -228.726900 -120.000000 -1.000000 0.000000 0.000000 0.000000 1.000000 0.000000 0.000000 0.000000 -1.000000 2780.dat
1 72 39.999980 -269.000000 -120.000000 -1.000000 0.000000 0.000000 0.000000 1.000000 0.000000 0.000000 0.000000 -1.000000 11214.dat
1 71 19.999970 -269.000000 -120.000000 0.000000 1.000000 0.000000 0.000000 0.000000 -1.000000 -1.000000 0.000000 0.000000 32140.dat
1 1 60.000220 -349.000200 -120.000000 -1.000001 0.000000 0.000000 0.000000 0.000000 1.000000 0.000000 1.000001 0.000000 6558.dat
1 28 80.000340 -329.000300 -120.000000 0.000000 1.000001 0.000000 0.000000 0.000000 -1.000000 -1.000001 0.000000 0.000000 60483.dat
1 70 59.999980 -289.000000 -120.000000 0.000000 1.000000 0.000000 0.000000 0.000000 -1.000000 -1.000000 0.000000 0.000000 32524.dat
1 70 40.000180 -449.000200 -120.000000 0.000000 1.000001 0.000000 0.000000 0.000000 -1.000000 -1.000001 0.000000 0.000000 32278.dat
1 1 30.000140 -589.000300 -119.999900 -1.000001 0.000000 0.000000 0.000000 0.000000 1.000000 0.000000 1.000001 0.000000 43093.dat
1 1 -109.999700 -589.000400 -119.999900 1.000001 0.000000 0.000000 0.000000 0.000000 -1.000000 0.000000 1.000001 0.000000 43093.dat
1 70 10.000210 -589.000200 -120.002800 0.000000 0.000000 -1.000001 -1.000000 0.000000 0.000000 0.000000 1.000001 0.000000 59443.dat
1 4 -9.999650 -589.000200 -119.999900 1.000001 0.000000 0.000000 0.000000 0.000000 -1.000000 0.000000 1.000001 0.000000 32062.dat
1 4 -69.999690 -589.000400 -119.999900 1.000001 0.000000 0.000000 0.000000 0.000000 -1.000000 0.000000 1.000001 0.000000 32062.dat
1 0 -39.999740 -589.000200 -119.999900 0.000000 0.000000 -1.000001 -1.000000 0.000000 0.000000 0.000000 1.000001 0.000000 26287.dat
1 70 -89.999770 -589.000400 -120.002800 0.000001 0.000000 -1.000001 -1.000000 0.000000 -0.000001 0.000000 1.000001 0.000000 59443.dat
1 72 -119.636900 -268.726900 -120.000000 1.000000 0.000000 0.000000 0.000000 1.000000 0.000000 0.000000 0.000000 1.000000 11214.dat
1 71 -99.636890 -268.726900 -120.000000 0.000000 1.000000 0.000000 0.000000 0.000000 -1.000000 -1.000000 0.000000 0.000000 32140.dat
1 70 -139.636900 -288.726900 -120.000000 0.000000 1.000000 0.000000 0.000000 0.000000 -1.000000 -1.000000 0.000000 0.000000 32524.dat
1 1 -139.636900 -348.726900 -120.000000 1.000000 0.000000 0.000000 0.000000 0.000000 1.000000 0.000000 -1.000000 0.000000 6558.dat
1 70 -119.636900 -448.726900 -120.000000 0.000000 1.000000 0.000000 0.000000 0.000000 -1.000000 -1.000000 0.000000 0.000000 32278.dat
1 28 -159.636900 -328.726900 -120.000000 0.000000 1.000000 0.000000 0.000000 0.000000 -1.000000 -1.000000 0.000000 0.000000 60483.dat
1 70 42.000340 -329.000300 -120.000000 1.000000 0.000000 0.000000 0.000000 1.000000 0.000000 0.000000 0.000000 1.000000 15462.dat
1 70 -121.636900 -328.726800 -120.000000 -1.000000 0.000000 0.000000 0.000000 1.000000 0.000000 0.000000 0.000000 -1.000000 15462.dat
1 1 -39.399710 -105.683200 259.117200 1.000000 0.000000 0.000000 0.000000 -0.861629 -0.507539 0.000000 0.507539 -0.861630 6558.dat
1 4 -39.399710 -105.683200 259.117200 0.000000 -1.000000 0.000000 -0.861629 0.000000 -0.507539 0.507539 0.000000 -0.861630 18654.dat
1 4 -9.399660 -105.683200 259.117200 1.000000 0.000000 0.000000 0.000000 -0.861629 -0.507539 0.000000 0.507539 -0.861630 62462.dat
1 4 -69.399700 -105.683300 259.117300 1.000000 0.000000 0.000000 0.000000 -0.861629 -0.507539 0.000000 0.507539 -0.861630 62462.dat
1 0 10.600350 -105.683200 259.117200 1.000000 0.000000 0.000000 0.000000 -0.861629 -0.507539 0.000000 0.507539 -0.861630 2780.dat
1 0 -89.399700 -105.683300 259.117300 1.000000 0.000000 0.000000 0.000000 -0.861629 -0.507539 0.000000 0.507539 -0.861630 2780.dat
1 4 20.600390 -156.437200 172.954100 0.000000 -1.000000 0.000000 -0.861629 0.000000 -0.507539 0.507539 0.000000 -0.861630 32525.dat
1 4 -99.399700 -156.437200 172.954100 0.000000 -1.000000 0.000000 -0.861629 0.000000 -0.507539 0.507538 0.000000 -0.861630 32525.dat
1 0 10.600310 -207.191000 86.791330 1.000000 0.000000 0.000000 0.000000 -0.861629 -0.507539 0.000000 0.507539 -0.861630 2780.dat
1 0 -89.399700 -207.191000 86.791270 1.000000 0.000000 0.000000 0.000000 -0.861629 -0.507539 0.000000 0.507539 -0.861630 2780.dat
1 72 0.600310 -257.944900 0.628140 0.000000 -1.000000 0.000000 -0.861629 0.000000 -0.507539 0.507539 0.000000 -0.861629 71710.dat
1 72 -79.399750 -257.944900 0.628320 0.000000 -1.000000 0.000000 -0.861629 0.000000 -0.507539 0.507538 0.000000 -0.861630 71710.dat
1 71 -99.399690 -186.889400 121.256400 1.000000 0.000000 0.000000 0.000000 -0.861629 -0.507539 0.000000 0.507539 -0.861630 32054.dat
1 71 20.600350 -186.889500 121.256300 -1.000000 0.000000 0.000000 0.000000 -0.861629 0.507539 0.000000 0.507539 0.861630 32054.dat
1 0 0.600370 -208.725500 64.483180 0.000000 -1.000000 0.000000 -0.861629 0.000000 -0.507539 0.507539 0.000000 -0.861630 2780.dat
1 0 -79.399780 -208.725600 64.483210 0.000000 -1.000000 0.000000 -0.861629 0.000000 -0.507539 0.507539 0.000000 -0.861630 2780.dat
1 0 -79.399760 -229.027000 30.017920 0.000000 -1.000000 0.000000 -0.861629 0.000000 -0.507539 0.507538 0.000000 -0.861630 2780.dat
1 0 -79.399730 -269.630100 -38.912510 0.000000 -1.000000 0.000000 -0.861629 0.000000 -0.507539 0.507538 0.000000 -0.861630 2780.dat
1 0 -79.399730 -289.931700 -73.377620 0.000000 -1.000000 0.000000 -0.861629 0.000000 -0.507539 0.507538 0.000000 -0.861630 2780.dat
1 0 0.600370 -229.026900 30.017890 0.000000 -1.000000 0.000000 -0.861629 0.000000 -0.507539 0.507538 0.000000 -0.861630 2780.dat
1 0 0.600380 -269.630100 -38.912500 0.000000 -1.000000 0.000000 -0.861629 0.000000 -0.507539 0.507538 0.000000 -0.861630 2780.dat
1 0 0.600380 -289.931700 -73.377640 0.000000 -1.000000 0.000000 -0.861629 0.000000 -0.507539 0.507538 0.000000 -0.861630 2780.dat
1 71 -39.399760 -210.260100 42.174980 0.000000 0.000000 -1.000000 -0.507539 -0.861629 0.000000 -0.861630 0.507539 0.000000 14720.dat
1 71 -39.399720 -271.164700 -61.220430 0.000000 0.000000 -1.000000 -0.507539 -0.861629 0.000000 -0.861630 0.507539 0.000000 14720.dat
1 1 -79.399730 -214.272700 114.174500 0.000000 1.000000 0.000000 0.861629 0.000000 -0.507539 -0.507539 0.000000 -0.861630 6558.dat
1 1 0.600290 -214.272800 114.174600 0.000000 1.000000 0.000000 0.861629 0.000000 -0.507539 -0.507539 0.000000 -0.861630 6558.dat
1 71 -79.399730 -214.272700 114.174500 -1.000000 0.000000 0.000000 0.000000 0.861629 -0.507539 0.000000 -0.507539 -0.861630 18654.dat
1 71 0.600290 -214.272800 114.174600 -1.000000 0.000000 0.000000 0.000000 0.861629 -0.507539 0.000000 -0.507539 -0.861630 18654.dat
1 71 -39.399700 -236.580900 115.709000 1.000000 0.000000 0.000000 0.000000 0.507538 -0.861629 0.000000 0.861630 0.507538 3894.dat
1 19 -79.399730 -240.641200 108.815900 -1.000000 0.000000 0.000000 0.000000 0.507539 0.861629 0.000000 0.861629 -0.507539 1126.dat
1 19 0.600350 -240.641100 108.816000 -1.000000 0.000000 0.000000 0.000000 0.507539 0.861629 0.000000 0.861629 -0.507539 1126.dat
1 71 110.000000 -29.000000 139.999900 1.000000 0.000000 0.000000 0.000000 1.000000 0.000000 0.000000 0.000000 1.000000 3673.dat
1 19 110.000000 -29.000000 -160.000100 -1.000000 0.000000 0.000000 0.000000 1.000000 0.000000 0.000000 0.000000 -1.000000 3749.dat
1 70 121.185000 -208.012000 0.000100 -0.994522 0.104528 0.000000 0.104528 0.994522 0.000000 0.000000 0.000000 -1.000000 32525.dat
1 71 123.275500 -188.121600 100.000100 -0.994522 0.000000 0.104528 0.104528 0.000000 0.994522 0.000000 1.000000 0.000000 55615.dat
1 71 123.275500 -188.121600 -99.999980 -0.994522 -0.104528 0.000000 0.104528 -0.994522 0.000000 0.000000 0.000000 1.000000 55615.dat
1 70 129.547200 -128.450300 -120.000000 -0.994522 0.000000 0.104528 0.104528 0.000000 0.994522 0.000000 1.000000 0.000000 32525.dat
1 70 129.547200 -128.450300 120.000100 -0.994522 0.000000 0.104528 0.104528 0.000000 0.994522 0.000000 1.000000 0.000000 32525.dat
1 71 140.000000 -28.998020 110.000100 0.000000 -1.000000 0.000000 0.000000 0.000000 -1.000000 1.000000 0.000000 0.000000 3673.dat
1 71 140.000000 -28.998060 -110.000000 0.000000 -1.000000 0.000000 0.000000 0.000000 -1.000000 1.000000 0.000000 0.000000 3673.dat
1 72 140.000000 -28.998060 -100.000100 0.000000 0.000000 1.000000 1.000000 0.000000 0.000000 0.000000 1.000000 0.000000 15100.dat
1 72 140.000000 -28.998020 100.000100 0.000000 0.000000 1.000000 1.000000 0.000000 0.000000 0.000000 1.000000 0.000000 15100.dat
1 0 133.728300 -88.669380 110.000100 0.000000 -0.994522 -0.104528 0.000000 0.104528 -0.994522 1.000000 0.000000 0.000000 2780.dat
1 0 131.637700 -108.559800 110.000100 0.000000 -0.994522 -0.104528 0.000000 0.104528 -0.994522 1.000000 0.000000 0.000000 2780.dat
1 71 137.909400 -48.888520 100.000100 0.994522 0.000000 -0.104528 -0.104528 0.000000 -0.994522 0.000000 1.000000 0.000000 11947.dat
1 70 100.000100 -228.494600 0.001310 0.000000 -1.000000 0.000000 0.999994 0.000000 -0.003608 0.003608 0.000000 0.999994 32278.dat
1 71 109.999800 -227.997600 -140.000600 1.000000 0.000000 0.000000 0.000000 -1.000000 0.000000 0.000000 0.000000 -1.000000 3673.dat
1 71 110.000000 -228.999800 140.000500 1.000000 0.000000 0.000000 0.000000 -1.000000 0.000000 0.000000 0.000000 -1.000000 3673.dat
1 4 110.000100 -228.422500 -19.998540 1.000000 0.000000 0.000000 0.000000 -0.003608 -0.999994 0.000000 0.999994 -0.003608 89678.dat
1 4 110.000100 -228.566800 20.001210 1.000000 0.000000 0.000000 0.000000 -0.003608 -0.999994 0.000000 0.999994 -0.003608 89678.dat
1 322 118.000100 -228.494600 0.001310 0.000000 -1.000000 0.000000 -0.003608 0.000000 -0.999994 0.999994 0.000000 -0.003608 63864.dat
1 70 119.999900 -128.498800 -150.000400 0.000000 -1.000000 -0.000001 0.099997 0.000001 -0.994988 0.994988 0.000000 0.099997 32525.dat
1 70 120.000000 -129.000000 139.999900 0.000000 -1.000000 0.000000 0.000000 0.000000 -1.000000 1.000000 0.000000 0.000000 32525.dat
1 0 140.000000 -18.998050 19.999890 0.000000 0.000000 1.000000 1.000000 0.000000 0.000000 0.000000 1.000000 0.000000 2780.dat
1 1 140.000000 -28.998060 -20.000100 0.000000 -1.000000 0.000000 1.000000 0.000000 0.000000 0.000000 0.000000 1.000000 6558.dat
1 71 150.000000 -28.998050 -0.000100 0.000000 -1.000000 0.000000 0.000000 0.000000 -1.000000 1.000000 0.000000 0.000000 3894.dat
1 0 140.000000 -38.998060 -0.000110 0.000000 0.000000 1.000000 1.000000 0.000000 0.000000 0.000000 1.000000 0.000000 2780.dat
1 71 140.000000 -48.998060 -40.000100 -1.000000 0.000000 0.000000 0.000000 -1.000000 0.000000 0.000000 0.000000 1.000000 32316.dat
1 0 140.000000 -58.998060 -40.000120 0.000000 0.000000 1.000000 1.000000 -0.000001 0.000000 0.000000 1.000000 0.000000 2780.dat
1 0 140.000000 -58.998060 -60.000120 0.000000 0.000000 1.000000 1.000000 -0.000001 0.000000 0.000000 1.000000 0.000000 2780.dat
1 71 140.000000 -68.998050 -100.000100 1.000000 0.000000 0.000000 0.000000 1.000000 0.000000 0.000000 0.000000 1.000000 11947.dat
1 71 158.000000 -18.998040 -20.000090 0.000000 -1.000000 0.000000 0.000000 0.000000 1.000000 -1.000000 0.000000 0.000000 3034.dat
1 71 182.000100 -8.998119 -60.000180 0.000000 -1.000000 0.000000 0.000000 0.000000 0.999999 -1.000000 0.000000 0.000000 3037.dat
1 71 182.000100 -8.998090 9.999889 0.000000 -1.000000 0.000000 0.000000 0.000000 1.000000 -1.000000 0.000000 0.000000 3622.dat
1 71 182.000100 -8.998060 49.999960 0.000000 -1.000000 0.000000 -1.000000 0.000000 0.000000 0.000000 0.000000 -1.000000 87087.dat
1 71 182.000100 -28.998070 19.999910 0.000000 -1.000000 0.000000 0.000000 0.000000 1.000000 -1.000000 0.000000 0.000000 30414.dat
1 71 206.000100 -8.998090 19.999880 0.000000 -1.000000 0.000000 -0.000001 0.000000 1.000000 -1.000000 0.000000 -0.000001 3037.dat
1 71 162.000000 -8.998060 83.999980 0.000000 0.000000 -1.000000 1.000000 0.000000 0.000000 0.000000 -1.000000 0.000000 3040b.dat
1 71 206.000100 -8.998119 -30.000120 0.000000 -1.000000 0.000000 1.000000 0.000000 0.000000 0.000000 0.000000 1.000000 4286.dat
1 71 206.000100 -8.998119 -0.000120 0.000000 -1.000000 0.000000 0.000000 0.000000 1.000000 -1.000000 0.000000 0.000000 85984.dat
1 71 152.000100 -46.998070 29.999910 0.000000 0.000000 1.000000 0.000000 1.000000 0.000000 -1.000000 0.000000 0.000000 2450.dat
1 71 -99.636920 -328.726900 -140.000000 1.000000 0.000000 0.000000 0.000000 1.000000 0.000000 0.000000 0.000000 1.000000 32054.dat
1 71 19.999960 -329.000000 -140.000000 -1.000000 0.000000 0.000000 0.000000 1.000000 0.000000 0.000000 0.000000 -1.000000 32054.dat
1 72 -0.000090 -262.981100 -534.514300 0.000000 1.000000 0.000000 -0.986286 0.000000 -0.165047 -0.165047 0.000000 0.986286 73507.dat
1 0 -0.000060 -266.322000 -453.961100 0.000000 1.000000 0.000000 0.986286 0.000000 0.165048 0.165048 0.000000 -0.986286 2780.dat
1 0 -0.000050 -259.720300 -493.412400 0.000001 1.000000 0.000000 0.986286 -0.000001 0.165048 0.165048 0.000000 -0.986286 2780.dat
1 0 -0.000060 -253.118300 -532.864000 0.000001 1.000000 0.000000 0.986286 -0.000001 0.165048 0.165048 0.000000 -0.986286 2780.dat
1 0 -0.000070 -246.516200 -572.315700 0.000001 1.000000 0.000000 0.986286 -0.000001 0.165048 0.165048 0.000000 -0.986286 2780.dat
1 71 -0.000040 -263.061200 -412.859100 -1.000000 0.000000 0.000000 0.000000 -0.986286 -0.165047 0.000000 -0.165047 0.986286 40490.dat
1 71 -39.999920 -239.954500 -550.939000 0.000000 0.000000 1.000000 -0.165047 -0.986286 0.000000 0.986285 -0.165047 0.000000 14720.dat
1 0 -0.000070 -276.224900 -394.783800 0.000001 1.000000 0.000000 0.986286 -0.000001 0.165048 0.165048 0.000000 -0.986286 2780.dat
1 0 -0.000050 -282.826800 -355.332400 0.000001 1.000000 0.000000 0.986286 -0.000001 0.165048 0.165048 0.000000 -0.986286 2780.dat
1 72 -0.000040 -305.893500 -278.080000 0.000000 1.000000 0.000000 -0.986286 0.000000 -0.165047 -0.165047 0.000000 0.986286 71710.dat
1 0 -0.000040 -289.428700 -315.881000 0.000001 1.000000 0.000000 0.986286 -0.000001 0.165048 0.165048 0.000000 -0.986285 2780.dat
1 0 -0.000040 -296.030600 -276.429600 0.000001 1.000000 0.000000 0.986286 -0.000001 0.165048 0.165048 0.000000 -0.986285 2780.dat
1 0 -0.000020 -309.234300 -197.526700 0.000001 1.000000 0.000000 0.986286 -0.000001 0.165048 0.165048 0.000000 -0.986285 2780.dat
1 0 -0.000010 -315.836300 -158.075300 0.000001 1.000000 0.000000 0.986286 -0.000001 0.165048 0.165048 0.000000 -0.986285 2780.dat
1 71 -40.000050 -282.866700 -294.504800 0.000000 0.000000 1.000000 -0.165047 -0.986286 0.000000 0.986285 -0.165047 0.000000 14720.dat
1 71 -40.000020 -302.672500 -176.150500 0.000000 0.000000 1.000000 -0.165047 -0.986286 0.000000 0.986285 -0.165047 0.000000 14720.dat
1 0 -80.000080 -289.428700 -315.881000 0.000001 1.000000 0.000000 0.986286 -0.000001 0.165048 0.165048 0.000000 -0.986285 2780.dat
1 0 -80.000110 -296.030600 -276.429600 0.000001 1.000000 0.000000 0.986286 -0.000001 0.165048 0.165048 0.000000 -0.986285 2780.dat
1 0 -80.000060 -309.234300 -197.526600 0.000001 1.000000 0.000000 0.986286 -0.000001 0.165048 0.165048 0.000000 -0.986285 2780.dat
1 0 -80.000080 -315.836300 -158.075300 0.000001 1.000000 0.000000 0.986286 -0.000001 0.165048 0.165048 0.000000 -0.986285 2780.dat
1 72 -80.000260 -305.893400 -278.080000 0.000000 1.000000 0.000000 -0.986286 0.000000 -0.165047 -0.165047 0.000000 0.986285 71710.dat
1 0 -80.000080 -282.826800 -355.332400 0.000001 1.000000 0.000000 0.986286 -0.000001 0.165048 0.165048 0.000000 -0.986285 2780.dat
1 0 -80.000100 -276.224900 -394.783800 0.000001 1.000000 0.000000 0.986286 -0.000001 0.165048 0.165048 0.000000 -0.986285 2780.dat
1 71 -80.000100 -263.061200 -412.859000 -1.000000 0.000000 0.000000 0.000000 -0.986286 -0.165047 0.000000 -0.165047 0.986285 40490.dat
1 0 -80.000110 -266.322000 -453.961100 0.000000 1.000000 0.000000 0.986286 0.000000 0.165048 0.165048 0.000000 -0.986285 2780.dat
1 0 -80.000110 -259.720300 -493.412400 0.000000 1.000000 0.000000 0.986286 0.000000 0.165048 0.165048 0.000000 -0.986285 2780.dat
1 0 -79.999970 -253.118100 -532.863800 0.000000 1.000000 0.000000 0.986286 0.000000 0.165048 0.165048 0.000000 -0.986285 2780.dat
1 0 -79.999950 -246.516300 -572.315400 0.000000 1.000000 0.000000 0.986286 0.000000 0.165048 0.165048 0.000000 -0.986285 2780.dat
1 72 -79.999970 -262.981000 -534.514200 0.000000 1.000000 0.000000 -0.986286 0.000000 -0.165047 -0.165047 0.000000 0.986285 73507.dat
1 0 -0.000110 -239.914600 -611.766800 0.000001 1.000000 0.000000 0.986286 -0.000001 0.165048 0.165048 0.000000 -0.986285 2780.dat
1 0 -79.999970 -239.914500 -611.766700 0.000001 1.000000 0.000000 0.986286 -0.000001 0.165048 0.165048 0.000000 -0.986285 2780.dat
1 71 -40.000110 -226.750700 -629.842300 0.000000 0.000000 1.000000 -0.165047 -0.986286 0.000000 0.986285 -0.165047 0.000000 14720.dat
1 0 -0.000110 -233.312600 -651.218400 0.000001 1.000000 0.000000 0.986286 -0.000001 0.165048 0.165048 0.000000 -0.986285 2780.dat
1 0 -80.000160 -233.312500 -651.218300 0.000001 1.000000 0.000000 0.986286 -0.000001 0.165048 0.165048 0.000000 -0.986285 2780.dat
1 71 -80.000200 -253.038400 -654.519500 0.000000 1.000000 0.000000 -0.986286 0.000000 -0.165047 -0.165047 0.000000 0.986285 62462.dat
1 71 -0.000110 -253.038400 -654.519500 0.000000 1.000000 0.000000 -0.986286 0.000000 -0.165047 -0.165047 0.000000 0.986285 62462.dat
1 71 -19.999990 -67.000010 -0.000020 1.000000 0.000000 0.000000 0.000000 1.000000 0.000000 0.000000 0.000000 1.000000 60474.dat
1 322 -50.000020 -67.000010 10.000010 0.000000 0.000000 1.000000 0.000000 1.000000 0.000000 -1.000000 0.000000 0.000000 54200.dat
1 0 -29.999980 -91.000010 10.000010 -1.000000 0.000000 0.000000 0.000000 1.000000 0.000000 0.000000 0.000000 -1.000000 3040b.dat
1 72 -30.000000 -91.000010 -9.999990 0.000000 0.000000 1.000000 0.000000 1.000000 0.000000 -1.000000 0.000000 0.000000 3040b.dat
1 82 -29.999980 -67.000010 -29.999990 1.000000 0.000000 0.000000 0.000000 1.000000 0.000000 0.000000 0.000000 1.000000 54200.dat
1 82 -9.999969 -67.000010 29.999980 -1.000000 0.000000 0.000000 0.000000 1.000000 0.000000 0.000000 0.000000 -1.000000 54200.dat
1 71 -9.999990 -91.000010 9.999949 0.000000 0.000000 -1.000000 0.000000 1.000000 0.000000 1.000000 0.000000 0.000000 3040b.dat
1 322 -9.999990 -91.000010 -10.000020 1.000000 0.000000 0.000000 0.000000 1.000000 0.000000 0.000000 0.000000 1.000000 3040b.dat
1 72 10.000030 -67.000010 -10.000080 0.000000 0.000000 -1.000000 0.000000 1.000000 0.000000 1.000000 0.000000 0.000000 54200.dat
1 4 -19.999990 -115.000000 -0.000020 1.000000 0.000000 0.000000 0.000000 1.000000 0.000000 0.000000 0.000000 1.000000 3941.dat
1 71 -19.999990 -123.000000 -0.000020 1.000000 0.000000 0.000000 0.000000 1.000000 0.000000 0.000000 0.000000 1.000000 60474.dat
1 322 -19.999990 -131.000000 -0.000020 1.000000 0.000000 0.000000 0.000000 1.000000 0.000000 0.000000 0.000000 1.000000 4032a.dat
1 4 -19.999990 -111.000000 -0.000020 0.000000 0.000000 1.000000 -1.000000 0.000000 0.000000 0.000000 -1.000000 0.000000 32062.dat
1 71 -130.000000 -74.000000 -589.999900 0.000000 -1.000000 0.000000 0.000000 0.000000 1.000000 -1.000000 0.000000 0.000000 32140.dat
1 0 -120.000000 -14.000000 -609.999900 -1.000000 0.000000 0.000000 0.000000 1.000000 0.000000 0.000000 0.000000 -1.000000 2780.dat
1 0 -120.000000 -14.000000 -589.999900 -1.000000 0.000000 0.000000 0.000000 1.000000 0.000000 0.000000 0.000000 -1.000000 2780.dat
1 0 -120.000000 -54.000000 -589.999900 -1.000000 0.000000 0.000000 0.000000 1.000000 0.000000 0.000000 0.000000 -1.000000 2780.dat
1 1 -120.000000 -74.000000 -589.999900 -1.000000 0.000000 0.000000 0.000000 1.000000 0.000000 0.000000 0.000000 -1.000000 43093.dat
1 71 -110.000000 -24.000000 -590.000000 0.000000 0.000000 -1.000000 0.000000 1.000000 0.000000 1.000000 0.000000 0.000000 3701.dat
1 70 -110.000000 -154.000000 -589.999900 0.000000 -1.000000 0.000000 0.000000 0.000000 -1.000000 1.000000 0.000000 0.000000 32525.dat
1 1 -100.000000 -234.000000 -589.999900 1.000000 0.000000 0.000000 0.000000 1.000000 0.000000 0.000000 0.000000 1.000000 43093.dat
1 70 -80.000000 -234.002900 -590.000000 0.000000 0.000000 -1.000000 0.000000 1.000000 0.000000 1.000000 0.000000 0.000000 59443.dat
1 4 -60.000020 -234.000000 -590.000000 1.000000 0.000000 0.000000 0.000000 1.000000 0.000000 0.000000 0.000000 1.000000 32062.dat
1 0 -40.000010 -234.002900 -590.000100 0.000000 0.000000 -1.000000 0.000000 1.000000 0.000000 1.000000 0.000000 0.000000 59443.dat
1 4 -20.000010 -234.000000 -590.000100 1.000000 0.000000 0.000000 0.000000 1.000000 0.000000 0.000000 0.000000 1.000000 32062.dat
1 70 -0.000070 -234.002900 -590.000100 0.000000 0.000000 -1.000000 0.000000 1.000000 0.000000 1.000000 0.000000 0.000000 59443.dat
1 1 19.999930 -234.000000 -590.000100 -1.000000 0.000000 0.000000 0.000000 1.000000 0.000000 0.000000 0.000000 -1.000000 43093.dat
1 70 29.999930 -154.000000 -590.000100 0.000000 -1.000000 0.000000 0.000000 0.000000 -1.000000 1.000000 0.000000 0.000000 32525.dat
1 1 39.999990 -74.000000 -590.000100 1.000000 0.000000 0.000000 0.000000 1.000000 0.000000 0.000000 0.000000 1.000000 43093.dat
1 0 39.999930 -54.000000 -590.000100 -1.000000 0.000000 0.000000 0.000000 1.000000 0.000000 0.000000 0.000000 -1.000000 2780.dat
1 71 50.000000 -74.000000 -590.000100 0.000000 -1.000000 0.000000 0.000000 0.000000 1.000000 -1.000000 0.000000 0.000000 32140.dat
1 0 40.000000 -14.000000 -610.000100 -1.000000 0.000000 0.000000 0.000000 1.000000 0.000000 0.000000 0.000000 -1.000000 2780.dat
1 0 40.000000 -14.000000 -590.000100 -1.000000 0.000000 0.000000 0.000000 1.000000 0.000000 0.000000 0.000000 -1.000000 2780.dat
1 71 30.000000 -24.000000 -590.000100 0.000000 0.000000 -1.000000 0.000000 1.000000 0.000000 1.000000 0.000000 0.000000 3701.dat
1 19 -40.000010 0.000000 -630.000100 1.000000 0.000000 0.000000 0.000000 1.000000 0.000000 0.000000 0.000000 1.000000 41948.dat
1 0 -90.000000 -24.000000 -560.000100 1.000000 0.000000 0.000000 0.000000 1.000000 0.000000 0.000000 0.000000 1.000000 3040b.dat
1 72 9.999990 -24.000000 -570.000200 0.000000 0.000000 1.000000 0.000000 1.000000 0.000000 -1.000000 0.000000 0.000000 3039.dat
1 322 10.000000 0.000000 -580.000100 1.000000 0.000000 0.000000 0.000000 1.000000 0.000000 0.000000 0.000000 1.000000 54200.dat
1 19 -70.000000 -8.000000 -660.000200 0.000000 0.000000 -1.000000 0.000000 1.000000 0.000000 1.000000 0.000000 0.000000 15712.dat
1 71 -62.729990 -14.000000 -660.000200 0.000000 -1.000000 0.000000 0.000000 0.000000 1.000000 -1.000000 0.000000 0.000000 75904.dat
1 84 -39.400390 -309.770400 52.046070 1.000001 0.000000 0.000000 -0.000001 0.861629 0.507536 0.000000 -0.507531 0.861630 21019bp0a.dat copy
1 308 -39.406500 -358.021300 80.469820 0.999999 0.000000 0.000000 -0.000001 0.861637 0.507537 0.000000 -0.507532 0.861634 61506.dat
1 0 -18.991450 -349.297600 31.786630 -0.023112 0.994794 -0.099272 -0.373742 -0.100697 -0.922058 -0.927246 0.015791 0.374127 30162.dat
1 0 -60.619080 -335.655600 33.122240 0.999984 0.003051 0.005096 0.004679 -0.933138 -0.359507 0.003659 0.359528 -0.933131 64644.dat
1 46 -60.497780 -372.979900 47.504020 0.999984 0.003051 0.005096 0.004679 -0.933138 -0.359506 0.003659 0.359528 -0.933130 6141.dat
1 72 -39.400380 -306.480400 64.035250 0.000000 0.000001 -1.000000 0.507537 0.861628 0.000001 0.861630 -0.507532 0.000000 3668.dat
1 4 -39.400410 -328.316400 7.261940 0.000000 0.000000 -1.000001 0.507537 0.861628 0.000001 0.861630 -0.507532 0.000000 32062.dat
1 71 -39.400460 -299.209800 13.328730 1.000000 0.000001 0.000000 -0.000001 0.861628 0.507537 0.000000 -0.507532 0.861630 2817.dat
1 71 -39.400420 -258.606700 82.259270 1.000000 0.000001 0.000000 -0.000001 0.861628 0.507537 0.000000 -0.507532 0.861630 2817.dat
1 71 -39.400280 -272.486600 102.041100 0.000000 0.000000 -1.000001 0.507537 0.861629 0.000001 0.861630 -0.507532 0.000000 4519.dat
1 0 -39.400340 -282.637800 84.808840 0.000000 -1.000000 0.000000 0.861629 0.000001 0.507536 -0.507531 0.000000 0.861630 32039.dat
1 71 -39.400400 -310.021300 77.727000 -0.000001 -1.000000 0.000000 -0.861629 0.000001 -0.507536 0.507531 0.000000 -0.861630 4519.dat
1 92 -39.400480 -287.995800 111.177000 1.000000 0.000001 0.000000 -0.000001 0.861628 0.507537 0.000000 -0.507532 0.861630 3023b.dat
1 92 -39.400400 -294.889000 115.237600 1.000000 0.000000 0.000000 -0.000001 0.861627 0.507536 0.000000 -0.507531 0.861631 3023b.dat
