0 Untitled Model
0 Name:  SalvageOperation
0 Author: 
0 CustomBrick
0 FlexibleBrickControlPointUnitLength -1
0 NumOfBricks:  139
1 1 0.0001 -29 120.0002 0 0 -1.000001 -1 0 0 0 1.000003 0 32278.dat
1 1 -140.0001 -29 99.9999 0 0 1 0 1 0 -1 0 0 6558.dat
1 0 -60 -29 110.0002 0 0 -1.000001 0 1 0 1.000003 0 0 2780.dat
1 0 120.0002 -29 110.0002 0 0 -1.000001 0 1 0 1.000003 0 0 2780.dat
1 0 60.0001 -29 110.0002 0 0 -1.000001 0 1 0 1.000003 0 0 2780.dat
1 71 -60 -29 100.0001 0 0 -1.000001 -1 0 0 0 1.000003 0 32526.dat
1 71 60.0001 -29 100.0001 0 0 1.000001 -1 0 0 0 -1.000003 0 32526.dat
1 0 -140.0002 -69 110.0002 0 0 -1.000001 0 1 0 1.000003 0 0 2780.dat
1 0 140.0001 -69 110.0002 0 0 -1.000001 0 1 0 1.000003 0 0 2780.dat
1 1 0.0001 -69 120.0003 0 0 -1.000001 -1 0 0 0 1.000003 0 32278.dat
1 0 -100 -29 90 0 0 -1.000001 0 1 0 1.000003 0 0 2780.dat
1 0 100.0002 -29 90 0 0 -1.000001 0 1 0 1.000003 0 0 2780.dat
1 71 -120 -9 -0 0 0 -1 0 -1 0 -1 0 0 15458.dat
1 71 120 -9 0 0 0 -1 0 -1 0 -1 0 0 15458.dat
1 71 -120 -29 80 0 -1 0 0 0 -1 1 0 0 2393.dat
1 71 -120 -29 -80 0 -1 0 0 0 -1 1 0 0 2393.dat
1 71 120 -29 80 0 -1 0 0 0 -1 1 0 0 2393.dat
1 71 120 -29 -80 0 -1 0 0 0 -1 1 0 0 2393.dat
1 0 -140 -29 -90 0 0 -1 0 1 0 1 0 0 2780.dat
1 0 -100 -29 -90 0 0 -1 0 1 0 1 0 0 2780.dat
1 0 100 -29 -90 0 0 -1 0 1 0 1 0 0 2780.dat
1 19 140 -29 -80 0 0 -1 0 1 0 1 0 0 32556.dat
1 1 0 -29 -100 0 0 -1 -1 0 0 0 1 0 32278.dat
1 4 -108.6105 -49.0001 220.0019 0 1 0 0 0 1 1 0 0 71709.dat
1 0 -108.6104 -79.0001 200.0015 0 1 0 1 0 0 0 0 -1 2780.dat
1 0 -108.6105 -79.0001 240.0016 0 1 0 1 0 0 0 0 -1 2780.dat
1 0 -108.6105 -19 240.0016 0 1 0 -1 0 0 0 0 1 6628.dat
1 0 -108.6105 -69.0001 150.0017 0 0 -1 0 1.00001 0 1.00001 0 0 2780.dat
1 0 -108.6104 -28.9998 150.0017 0 0 -1 0 1.00001 0 1.00001 0 0 2780.dat
1 4 -108.6097 -49 140.0001 -1 0 0 0 0 1 0 1 0 39793.dat
1 0 -128.6097 -49 130 0 0 -1 0 1 0 1 0 0 2780.dat
1 0 -108.6097 -49 120 0 0 1 0 1 0 -1 0 0 18651.dat
1 15 -108.6097 -49 120 0 0 1 1 0 0 0 1 0 7229.dat
1 71 -108.6098 -69.0001 100 0 1 0 0 0 -1 -1 0 0 32039.dat
1 1 -108.6098 -79.0001 100.0001 0 0 -1 1 0 0 0 -1 0 43093.dat
1 4 -108.6105 -89.0001 180.0016 1 0 0 0 1 0 0 0 1 40490.dat
1 19 140.0002 -29 80 0 0 -1 0 1 0 1 0 0 32556.dat
1 72 65.8382 -59 60 0.375 0 0.927025 -0.927025 0 0.375 0 -1 0 40490.dat
1 19 28.7572 -74.0001 80 0 0 -1 0 1 0 1 0 0 32556.dat
1 71 28.7572 -74.0001 80 0 0 -1 1 0 0 0 -1 0 18654.dat
1 71 -29.9263 -61.5 100 -0.208333 0 -0.978058 -0.978058 0 0.208333 0 1 0 32524.dat
1 71 -88.6097 -49 120 0 0 1 0 1 0 -1 0 0 77765.dat
1 72 65.838 -59.0001 -60 0.375 0 0.927025 -0.927025 0 0.375 0 -1 0 40490.dat
1 71 -8.3227 -99.0001 89.9955 0 0 -0.999984 0 1 0 0.999984 0 0 26599.dat
1 70 -8.3238 -107.0001 169.9988 -1.000001 0 0 0 1 0 0 0 -1.000001 30036.dat
1 70 -8.3239 -107.0001 -10.0019 0.000001 0 -1.000001 0 1 0 1.000001 0 0.000001 3033.dat
1 484 41.6765 -99.0001 89.9996 0 0 1.000001 0 1 0 -1.000001 0 0 3023b.dat
1 484 -58.3242 -99.0001 69.9986 0 0 1.000001 0 1 0 -1.000001 0 0 3710.dat
1 484 -58.3242 -99.0001 -50.0014 0 0 1.000001 0 1 0 -1.000001 0 0 3666.dat
1 71 -8.324 -99.0001 -90 0.000001 0 -1 0 1 0 1 0 0.000001 26599.dat
1 484 41.6764 -99.0001 -90 0 0 1.000001 0 1 0 -1.000001 0 0 3023b.dat
1 70 31.6763 -91.0001 109.9984 1.000001 0 0 0 1 0 0 0 1.000001 3022.dat
1 70 -48.3243 -91.0001 109.9984 1.000001 0 0 0 1 0 0 0 1.000001 3022.dat
1 70 -48.3243 -91.0001 -90 1.000001 0 0 0 1 0 0 0 1.000001 3022.dat
1 70 31.6763 -91.0001 -90 1.000001 0 0 0 1 0 0 0 1.000001 3022.dat
1 70 -38.3241 -115.0001 -90 0 0 1.000001 0 1 0 -1.000001 0 0 63868.dat
1 70 21.6762 -115.0001 -90 0 0 1.000001 0 1 0 -1.000001 0 0 63868.dat
1 70 31.6763 -107.0001 -90 0 0 -1.000001 0 1 0 1.000001 0 0 15068.dat
1 70 -48.3242 -107.0001 -90 -0.000001 0 1.000001 0 1 0 -1.000001 0 -0.000001 15068.dat
1 70 -8.3239 -107.0001 -150 1.000001 0 0 0 1 0 0 0 1.000001 3020.dat
1 70 -38.3239 -115.0001 -149.9998 0 0 -1.000001 0 1 0 1.000001 0 0 60478.dat
1 70 21.6762 -115.0001 -150 0.000001 0 -1.000001 0 1 0 1.000001 0 0.000001 60478.dat
1 484 -8.3239 -115.0001 -190.0001 0.000001 0 -1.000001 0 1 0 1.000001 0 0.000001 3795.dat
1 70 -38.3234 -123.0001 -190.0001 1.000001 0 0 0 1 0 0 0 1.000001 54383.dat
1 70 21.6762 -123.0001 -190.0001 1.000001 0 0 0 1 0 0 0 1.000001 54384.dat
1 70 21.6762 -147.0001 -140 1.000001 0 0 0 1 0 0 0 1.000001 3040b.dat
1 70 41.6765 -131.0001 119.9984 1.000001 0 0 0 1 0 0 0 1.000001 60477.dat
1 484 -8.3238 -131.0001 109.9983 1.000001 0 0 0 1 0 0 0 1.000001 90258.dat
1 484 -38.3239 -115.0001 89.9995 0 0 1.000001 0 1 0 -1.000001 0 0 3023b.dat
1 70 -48.3244 -107.0001 89.9995 -0.000001 0 1.000001 0 1 0 -1.000001 0 -0.000001 15068.dat
1 70 1.6764 -107.0001 59.9987 0 0 -1.000001 0 1 0 1.000001 0 0 54200.dat
1 70 1.6764 -107.0001 -60.0003 0.000001 0 -1.000001 0 1 0 1.000001 0 0.000001 54200.dat
1 70 -18.3239 -131.0001 59.9987 0 0 1.000001 0 1 0 -1.000001 0 0 60477.dat
1 70 -18.324 -131.0001 -60.0004 0 0 1.000001 0 1 0 -1.000001 0 0 60477.dat
1 70 -8.3238 -107 220.0004 1.000001 0 0 0 1 0 0 0 1.000001 85984.dat
1 70 -8.3238 -123 240.0001 -1.000001 0 0 0 1 0 0 0 -1.000001 3747a.dat
1 70 -8.3238 -131 269.9998 1.000001 0 0 0 1 0 0 0 1.000001 87580.dat
1 70 -8.3238 -131 240.0001 1.000001 0 0 0 1 0 0 0 1.000001 15573.dat
1 71 -8.3238 -139 269.9998 1.000001 0 0 0 1 0 0 0 1.000001 3623.dat
1 71 -8.3238 -155 270.0001 1.000001 0 0 0 1 0 0 0 1.000001 70681.dat
1 71 -8.3238 -155 279.9998 1.000001 0 0 0 1 0 0 0 1.000001 11477.dat
1 71 -8.3238 -163 309.9994 -1.000001 0 0 0 1 0 0 0 -1.000001 24201.dat
1 322 -8.3238 -163 289.9996 1.000001 0 0 0 1 0 0 0 1.000001 6141.dat
1 4 -8.3238 -133.0001 109.9983 0 1.000001 0 -1 0 0 0 0 1.000001 32062.dat
1 0 -8.3238 -161.0001 109.9983 -1.000001 0 0 0 0 -1 0 -1.000001 0 32192.dat
1 0 -8.3238 -224.5862 173.7081 0.000001 -1.000001 -0.000101 -0.70734 0.000071 -0.706873 0.706871 0.000072 -0.707337 3707.dat
1 71 -8.3238 -267.6986 216.7933 1.000001 0.000101 0.000001 -0.000071 0.706873 -0.70734 -0.000072 0.707337 0.706871 32123a.dat
1 70 -58.3242 -91.0001 9.9982 0 0 -1.000001 0 1 0 1.000001 0 0 3008.dat
1 71 -8.3238 -89.0001 80 0 0 1 0 1 0 -1 0 0 77765.dat
1 71 -8.3239 -89.0001 -80 0 0 -1 0 1 0 1 0 0 77765.dat
1 1 120 -39 -80 0 0 -1 -1 0 0 0 1 0 43093.dat
1 1 -120 -39 -80 0 0 -1 -1 0 0 0 1 0 43093.dat
1 71 -119.9969 -68.651 -80 0 -0.999848 -0.017452 0 0.017452 -0.999848 1 0 0 32013.dat
1 71 120 -69 -80 0 -1 0 0 0 -1 1 0 0 32013.dat
1 0 120 -69 -90 0 0 -1 0 1 0 1 0 0 2780.dat
1 72 -40 -69 -110.0001 0 0 -1 0 1 0 1 0 0 80477.dat
1 71 -0.0152 -70.7452 -100 -0.017452 0 -0.999848 -0.999848 0 0.017452 0 1 0 41239.dat
1 4 -119.997 -68.6511 -70.0001 0 -0.406738 -0.913545 0.000002 0.913545 -0.406738 1 -0.000002 0.000001 3707.dat
1 0 -101.7262 -60.5165 -130 0 0 -1 0 1 0 1 0 0 2780.dat
1 4 -119.9971 -68.6513 -139.9999 0.406738 0 0.913545 -0.913545 -0.000002 0.406738 0.000002 -1 -0.000001 60483.dat
1 4 -77.322 -115.3291 -119.9998 -0.913545 0 -0.406738 -0.406738 0.000002 0.913545 0.000001 1 -0.000002 32140.dat
1 19 -77.322 -115.3291 -129.9999 0 -0.406738 -0.913545 0.000002 0.913545 -0.406738 1 -0.000002 0.000001 3749.dat
1 4 -163.0386 -63.8253 -140 -0.515038 0 0.857167 -0.857167 -0.000002 -0.515038 0.000002 -1 0.000001 32525.dat
1 71 -248.7553 -12.3214 -140.0001 0 0 -1 0 1 0 1 0 0 4519.dat
1 4 -248.7553 -12.3214 -100.0001 1 0 0 0 1 0 0 0 1 26287.dat
1 4 -248.7553 -12.3214 -180.0001 1 0 0 0 1 0 0 0 1 26287.dat
1 72 -129.1324 -72.7185 0.5799 0 0.913545 0.406738 0.000001 0.406738 -0.913545 -1 0 -0.000001 67446.dat
1 72 -129.1324 -72.7185 -9.4201 -0.406738 0.913545 0 0.913545 0.406738 0 0 0 -1 3700.dat
1 72 -129.1324 -72.7185 10.5799 -0.406738 0.913545 0 0.913545 0.406738 0 0 0 -1 3700.dat
1 19 -128.3061 -94.2433 0.5799 0 0.913545 0.406738 0 0.406738 -0.913545 -1 0 0 3032.dat
1 72 -120 -69 50 0 1 0 0 0 1 1 0 0 87083.dat
1 0 -120 -69.0001 59.9999 0 1.000001 0 -1.000001 0 0 0 0 1 3713.dat
1 71 -120 -69 45.09 0 1.000001 0 -1.000001 0 0 0 0 1 32123a.dat
1 1 -120 -39 80 0 0 -1 -1 0 0 0 1 0 43093.dat
1 71 -120 -69 80 0 -1 0 0 0 -1 1 0 0 32013.dat
1 0 -119.997 -68.6511 -60.0001 0.406738 0.913545 0 -0.913545 0.406738 -0.000001 0 0 1 3713.dat
1 71 -119.997 -68.6511 -45.0001 0.406738 0.913545 0 -0.913545 0.406738 -0.000001 0 0 1 32123a.dat
1 71 -112.863 -109.2603 40.5799 0 0.913545 -0.406738 0 0.406738 0.913545 1 0 0 10247.dat
1 71 -112.8629 -109.2603 -39.4201 0 0.913545 0.406738 0 0.406738 -0.913545 -1 0 0 10247.dat
1 71 -103.7275 -105.1929 -59.4201 0 0 -1 0 1 0 1 0 0 3673.dat
1 71 -103.7275 -105.1929 60.5799 0 0 -1 0 1 0 1 0 0 3673.dat
1 70 -91.9717 -121.3732 -69.4201 -0.809018 0 0.587785 -0.587785 0.000002 -0.809018 -0.000001 -1 -0.000002 32523.dat
1 70 -91.9718 -121.3733 70.5799 -0.809018 0 0.587785 -0.587785 0.000002 -0.809017 -0.000001 -1 -0.000002 32523.dat
1 71 -80.2161 -137.5536 60.5798 0 0 -1 0 1 0 1 0 0 3673.dat
1 71 -80.216 -137.5536 -59.4201 0 0 -1 0 1 0 1 0 0 3673.dat
1 71 -81.9525 -147.4017 -39.4201 0 0.173648 0.984808 0 0.984808 -0.173648 -1 0 0 10247.dat
1 71 -81.9526 -147.4017 40.5798 0 0.173646 -0.984808 0 0.984808 0.173646 1 0 0 10247.dat
1 19 -63.6456 -158.7531 0.5799 0 0.173646 0.984808 0 0.984808 -0.173646 -1 0 0 3032.dat
1 71 -42.5603 -154.3475 -39.4202 0 0.173648 0.984808 0 0.984808 -0.173648 -1 0 0 10247.dat
1 71 -42.5603 -154.3475 40.5798 0 0.173646 -0.984808 0 0.984808 0.173646 1 0 0 10247.dat
1 71 -40.8238 -144.4994 60.5798 0 0 -1 0 1 0 1 0 0 3673.dat
1 71 -40.8238 -144.4994 -59.4202 0 0 -1 0 1 0 1 0 0 3673.dat
1 70 -20.8238 -144.4994 -69.4202 -0.000001 0 1 -1 0.000002 -0.000001 -0.000002 -1 -0.000001 32523.dat
1 70 -20.8238 -144.4994 70.5798 -0.000001 -0.000001 1 -1 0.000002 -0.000001 -0.000002 -1 -0.000001 32523.dat
1 71 -0.8238 -144.4994 -59.4202 0 0 -1 0 1 0 1 0 0 3673.dat
1 71 -0.8238 -144.4995 60.5798 0 0 -1 0 1 0 1 0 0 3673.dat
1 71 5.4694 -152.2709 40.5798 0 -0.62932 -0.777146 0 0.777146 -0.62932 1 0 0 10247.dat
1 71 5.4694 -152.2709 -39.4202 0 -0.62932 -0.777146 0 0.777146 -0.62932 1 0 0 10247.dat
1 19 26.047 -145.9016 0.5798 0 -0.629321 -0.777146 0.000001 0.777146 -0.629321 1 0 0.000001 3032.dat
