0 Untitled Model
0 Name:  StatueRebuild
0 Author: 
0 CustomBrick
0 FlexibleBrickControlPointUnitLength -1
0 NumOfBricks:  62
1 72 -51.07 -66.2258 193.8304 0 0 1 -0.999998 0.000003 0 0.000003 -1.000003 0 2457.dat
1 0 -78.79 -66.2257 182.3589 0.92388 0.000002 -0.382684 -0.000004 0.999998 -0.000002 0.382685 -0.000002 0.923883 32062.dat
1 1 -21.07 -66.2258 193.8304 -1 0 0 0 0.999998 0.000003 0 -0.000002 -1.000003 43093.dat
1 72 -88.0288 -66.2256 178.5321 0.000002 0.382684 -0.92388 0.999998 0.000002 0.000004 -0.000002 -0.923883 -0.382685 2389.dat
1 71 -11.07 -66.2256 133.8301 0 1 0 -0.999998 0 -0.000003 0.000003 0 1.000003 80286.dat
1 0 -1.07 -66.2258 213.8304 1 0 0 0 0.999998 -0.000003 0 -0.000003 1.000003 2780.dat
1 0 -1.07 -66.2257 173.8303 1 0 0 0 0.999998 -0.000003 0 -0.000003 1.000003 2780.dat
1 71 8.93 -66.2256 133.8301 0 1 0 -0.999998 0 -0.000003 0.000003 0 1.000003 80286.dat
1 1 18.93 -66.2258 193.8304 1 0 0 0 0.999998 -0.000002 0 -0.000003 1.000003 43093.dat
1 72 48.9299 -66.2257 193.8206 0.000002 -0.382684 0.92388 -0.999998 0.000001 0.000003 0.000003 -0.923883 -0.382685 2457.dat
1 0 76.6463 -66.2256 182.34 0.923879 -0.000002 0.382685 0.000003 0.999998 -0.000001 -0.382686 -0.000003 0.923882 32062.dat
1 72 85.8851 -66.2256 178.5131 0.000002 -0.382684 0.923879 -0.999998 0.000002 0.000003 0.000002 -0.923883 -0.382686 2387.dat
1 71 -1.16 -66.2256 133.8301 1 0 0 0 0.999998 -0.000003 0 -0.000003 1.000003 32073.dat
1 71 -26.07 -66.2256 133.8301 0 0 -1 -0.000003 0.999998 0 1.000003 -0.000003 0 32123a.dat
1 71 -41.16 -66.2256 133.8301 0 -1 0 -0.999998 0 0.000003 0.000003 0 -1.000003 32271.dat
1 0 -31.16 -66.2253 33.8297 1 0 0 0 0.999998 -0.000003 0 -0.000003 1.000003 2780.dat
1 0 -31.16 -66.2254 73.8298 1 0 0 0 0.999998 -0.000003 0 -0.000003 1.000003 2780.dat
1 71 -21.16 -66.2254 53.8297 0 -1 0 0.999998 0 -0.000003 -0.000003 0 1.000003 32523.dat
1 19 -71.16 -98.2252 -10.1704 1 0 0 0 0.804819 -0.593517 0 0.593518 0.804828 99008.dat
1 71 23.8401 -66.2256 133.8301 0 0 -1 -0.000003 0.999998 0 1.000003 -0.000003 0 32123a.dat
1 71 -1.16 -66.2256 113.83 1 0 0 0 0.83867 0.544636 0 -0.544642 0.83867 32073.dat
1 71 -21.16 -66.2256 113.83 0 0 -1 0.544636 0.83867 0 0.83867 -0.544642 0 3713.dat
1 71 -1.16 -66.2256 113.83 0 1 0 0.83867 -0.000001 -0.544636 -0.544642 0 -0.83867 32271.dat
1 71 18.84 -66.2256 113.83 0 0 -1 0.544636 0.83867 0 0.83867 -0.544642 0 3713.dat
1 14 -1.16 -117.8158 -24.3673 1 0 0 0 0.35173 0.936099 0 -0.936107 0.351726 4519.dat
1 71 38.84 -66.2256 133.8301 0 -1 0 -0.999998 0 0.000003 0.000003 0 -1.000003 32271.dat
1 0 28.8401 -66.2254 33.8297 1 0 0 0 0.999998 -0.000003 0 -0.000003 1.000003 2780.dat
1 0 28.8401 -66.2255 73.8299 1 0 0 0 0.999998 -0.000003 0 -0.000003 1.000003 2780.dat
1 71 18.84 -66.2254 53.8298 0 -1 0 0.999998 0 -0.000003 -0.000003 0 1.000003 32523.dat
1 19 48.8401 -98.2252 -10.1704 -1 0 0 0 0.804819 0.593517 0 0.593518 -0.804828 3749.dat
1 71 -19.9999 -58.5546 -33.7536 0 1 0 -0.987687 0 0.156431 0.156438 0 0.987691 32009.dat
1 14 0.0001 -83.5831 -191.7838 1 0 0 -0.000001 -0.15643 0.987681 0 -0.987695 -0.156437 4519.dat
1 19 0.0001 -80.4544 -172.0298 1 0 0 0 0.987681 0.15643 0 -0.156437 0.987696 32556.dat
1 1 0.0001 -64.8108 -73.2595 1 0 0 0 0.999992 -0.000001 0 -0.000002 1.000005 6558.dat
1 72 0.0001 -64.8108 -73.2595 0 -1 -0.000001 -0.000001 0.000001 -0.999992 1.000005 0 0.000002 18654.dat
1 71 0 -123.4583 -60 -0.000001 -1 0.000001 -0.933581 0.000002 0.358366 -0.358366 0 -0.933581 41239.dat
1 71 -15.2599 -78.1637 -263.6912 0 0 -1 0.788007 0.615663 0 0.615664 -0.788016 0 6575.dat
1 0 -0.2598 -65.8504 -279.4515 1 0 0 0 0.788007 -0.615663 0 0.615664 0.788016 32062.dat
1 0 -0.2599 -90.477 -247.9308 1 0 0 0 0.788007 -0.615663 0 0.615664 0.788016 32062.dat
1 71 0.0001 -65.8503 -279.4514 0 -1 0 0.788007 0 -0.615663 0.615664 0 0.788016 32526.dat
1 71 14.7402 -78.1637 -263.6912 0 0 -1 0.788007 0.615663 0 0.615664 -0.788016 0 6575.dat
1 19 0.0656 -102.7777 -232.4623 1 0 0 0 0.987687 0.156429 0 -0.156435 0.987691 32556.dat
1 71 20.0001 -58.5536 -33.7519 -0.000001 1 0 -0.987687 -0.000001 0.156431 0.156438 0 0.987691 32009.dat
1 71 -59.9998 -106.3975 9.2071 -1 0 0 0 -0.904828 -0.425778 0 -0.425778 0.904828 5429.dat
1 71 20.0001 -111.992 -214.4959 -1 0.000001 0.000002 0.000002 0.904829 0.425775 -0.000001 0.425775 -0.904829 5429.dat
1 0 70.0001 -105.9798 9.47 1 0 0 0 0.999998 -0.000003 0 -0.000003 1.000004 2780.dat
1 0 70.0001 -114.4954 27.5667 1 0 0 0 0.999998 -0.000003 0 -0.000003 1.000004 2780.dat
1 4 80.0001 -106.043 9.4404 0 -1 0 0.906305 0 -0.42262 0.422617 0 0.906313 32523.dat
1 19 90.0001 -97.5906 -8.6859 1 0 0 -0.000001 -0.000003 -0.999998 0 1.000003 0.000002 3749.dat
1 72 140.0002 -77.5907 -8.6858 0 -0.000001 -1 -0.904824 -0.425782 0.000001 -0.425779 0.904832 -0.000001 2457.dat
1 72 100.0001 -97.5906 -8.6859 0 -1 0 0.000003 0 0.999998 -1.000004 0 -0.000002 60483.dat
1 19 110.0001 -77.5907 -8.6859 1 0.000001 0 -0.000001 0.904823 -0.425782 0 0.425779 0.904832 3749.dat
1 0 167.7201 -82.475 1.6939 0.923879 -0.000002 -0.382685 -0.162939 0.904824 -0.393371 0.346267 0.425778 0.835955 32062.dat
1 72 176.9589 -84.1044 5.1565 -0.000002 -0.382685 0.923879 0.904824 -0.39337 -0.162938 0.425777 0.835956 0.346267 2389.dat
1 72 -136.7755 -69.762 35.6703 -0.173649 0 0.984808 -0.792591 0.593518 -0.139756 -0.584501 -0.804828 -0.103064 32140.dat
1 72 -81.16 -82.1288 1.6999 1 0 0 0 0.804818 -0.593517 0 0.593518 0.804828 42003.dat
1 71 -81.16 -88.064 9.7482 0 0 -1 -0.593517 0.804819 0 0.804828 0.593518 0 3673.dat
1 72 -101.16 -98.2252 -10.1704 0 1 0 -0.804819 0 -0.593518 -0.593518 0 0.804828 60483.dat
1 0 -136.7755 -75.6971 43.7186 0.000001 0.173649 -0.984808 -0.593518 0.792591 0.139756 0.804828 0.584502 0.103064 32062.dat
1 72 -136.7658 -93.5039 67.8623 -0.173649 0.909843 0.376871 -0.792593 0.098012 -0.601819 -0.5845 -0.403213 0.704124 2457.dat
1 0 -125.4596 -111.5585 88.9859 0.376872 0.173649 -0.909843 -0.601819 0.792593 -0.098012 0.704124 0.5845 0.403214 32062.dat
1 72 -121.6909 -117.5767 96.0271 -0.173649 0.909843 0.376872 -0.792593 0.098012 -0.601819 -0.5845 -0.403214 0.704124 2387.dat
