0 Untitled Model
0 Name:  TipTheScales
0 Author:  
0 CustomBrick
0 FlexibleBrickControlPointUnitLength -1
0 NumOfBricks:  113
1 72 120.000000 -33.999780 50.000020 1.000000 0.000000 -0.000001 0.000001 0.000000 1.000000 0.000000 -1.000000 0.000000 32523.dat
1 72 120.000000 -53.999800 50.000020 0.000000 1.000000 0.000001 0.000000 0.000001 -1.000000 -1.000000 0.000000 0.000000 11214.dat
1 72 120.000000 -13.999830 50.000020 0.000000 1.000000 0.000001 0.000000 0.000001 -1.000000 -1.000000 0.000000 0.000000 11214.dat
1 72 119.997100 -13.999840 20.000020 0.000001 1.000000 0.000000 -1.000000 0.000001 0.000000 0.000000 0.000000 1.000000 59443.dat
1 72 119.997100 -53.999810 20.000020 0.000001 1.000000 0.000000 -1.000000 0.000001 0.000000 0.000000 0.000000 1.000000 59443.dat
1 14 120.000000 -13.999830 -9.999949 0.000000 1.000000 -0.000001 0.000000 0.000001 1.000000 1.000000 0.000000 0.000000 4519.dat
1 14 120.000000 -53.999800 -9.999940 0.000000 1.000000 -0.000001 0.000000 0.000001 1.000000 1.000000 0.000000 0.000000 4519.dat
1 72 120.000000 -93.999770 -9.999940 -1.000000 0.000000 0.000001 -0.000001 0.000000 -1.000000 0.000000 -1.000000 0.000000 40490.dat
1 71 120.000000 -13.999830 -49.999920 0.000000 1.000000 0.000001 0.000000 0.000001 -1.000000 -1.000000 0.000000 0.000000 32054.dat
1 71 120.000000 -53.999800 -49.999940 0.000000 1.000000 0.000001 0.000000 0.000001 -1.000000 -1.000000 0.000000 0.000000 32054.dat
1 72 119.999900 -33.999780 -49.999920 1.000000 0.000000 -0.000001 0.000001 0.000000 1.000000 0.000000 -1.000000 0.000000 32523.dat
1 0 -0.000190 -33.999820 70.000060 0.000000 0.000000 1.000000 -1.000000 0.000000 0.000000 0.000000 -1.000000 0.000000 4526.dat
1 72 99.999970 -63.999780 70.000060 0.000000 -1.000000 0.000000 -1.000000 -0.000001 0.000000 0.000000 0.000000 -1.000000 89678.dat
1 72 19.999940 -63.999840 70.000070 0.000001 -1.000000 0.000000 -1.000000 -0.000001 0.000000 0.000000 0.000000 -1.000000 89678.dat
1 72 -60.000100 -63.999840 70.000080 0.000001 -1.000000 0.000000 -1.000000 -0.000001 0.000000 0.000000 0.000000 -1.000000 89678.dat
1 72 -129.999800 -33.999890 70.000100 -1.000000 -0.000001 0.000000 -0.000001 1.000000 0.000000 0.000000 0.000000 -1.000000 89678.dat
1 2 9.999920 -71.999780 70.000070 1.000000 0.000000 0.000000 0.000000 1.000000 0.000000 0.000000 0.000000 1.000000 4477.dat
1 1 -99.999920 -63.999860 70.000080 0.000000 -1.000000 0.000000 -1.000000 -0.000001 0.000000 0.000000 0.000000 -1.000000 43093.dat
1 72 -99.999920 -93.999900 70.000070 0.000000 -1.000000 0.000000 0.000000 0.000000 -1.000000 1.000000 0.000000 0.000000 32013.dat
1 72 -99.999920 -93.999870 40.000050 0.000000 0.000000 -1.000000 0.000000 1.000000 0.000000 1.000000 0.000000 0.000000 87083.dat
1 71 -99.999900 -93.999900 50.000040 1.000000 0.000000 0.000000 0.000000 1.000000 0.000000 0.000000 0.000000 1.000000 3713.dat
1 27 -99.999910 -93.999910 30.000050 0.000000 0.258819 -0.965922 0.000000 0.965931 0.258819 1.000000 0.000000 0.000000 24116.dat
1 1 -7.197080 -56.749860 20.000080 0.000000 0.258820 0.965922 0.000000 0.965931 -0.258819 -1.000000 0.000000 0.000000 43093.dat
1 2 -7.199840 -56.749120 0.000080 -0.258820 0.965923 0.000000 -0.965931 -0.258819 0.000000 0.000000 0.000000 1.000000 59443.dat
1 1 -7.197080 -56.749880 -19.999880 0.000000 -0.258820 0.965922 0.000000 -0.965931 -0.258819 1.000000 0.000000 0.000000 43093.dat
1 2 -99.999920 -94.002730 0.000050 1.000000 0.000000 0.000000 0.000000 1.000000 0.000000 0.000000 0.000000 1.000000 59443.dat
1 27 -99.999880 -93.999930 -29.999890 0.000000 0.258819 -0.965922 0.000000 0.965932 0.258819 1.000000 0.000000 0.000000 24116.dat
1 0 -0.000200 -33.999850 -69.999900 0.000000 0.000000 1.000000 -1.000000 0.000000 0.000001 0.000000 -1.000000 0.000000 4526.dat
1 72 -129.999800 -33.999930 -69.999860 -1.000000 -0.000001 0.000000 -0.000001 1.000000 0.000000 0.000000 0.000000 -1.000000 89678.dat
1 72 -60.000100 -63.999880 -69.999880 0.000000 0.000000 -1.000000 -1.000000 0.000000 0.000000 0.000000 1.000000 0.000000 89678.dat
1 72 19.999940 -63.999840 -69.999900 0.000000 0.000000 -1.000000 -1.000000 0.000000 0.000000 0.000000 1.000000 0.000000 89678.dat
1 72 99.999950 -63.999800 -69.999910 0.000000 0.000000 -1.000000 -1.000000 0.000000 0.000000 0.000000 1.000000 0.000000 89678.dat
1 2 9.999920 -71.999810 -69.999900 1.000000 0.000000 0.000000 0.000000 1.000000 0.000000 0.000000 0.000000 1.000000 4477.dat
1 1 -99.999920 -63.999880 -69.999880 0.000000 1.000000 0.000000 -1.000000 0.000000 0.000000 0.000000 0.000000 1.000000 43093.dat
1 72 -99.999920 -93.999910 -69.999870 0.000000 -1.000000 0.000000 0.000000 0.000000 -1.000000 1.000000 0.000000 0.000000 32013.dat
1 72 -99.999920 -93.999910 -39.999840 -0.000001 0.000000 1.000000 0.000000 1.000000 0.000000 -1.000000 0.000000 -0.000001 87083.dat
1 71 -99.999950 -93.999930 -49.999870 1.000000 -0.000001 0.000000 0.000001 1.000000 0.000000 0.000000 0.000000 1.000000 3713.dat
1 1 -120.000000 -13.999970 -90.000000 0.000000 0.000000 1.000000 0.000000 1.000000 0.000000 -1.000000 0.000000 0.000000 6558.dat
1 1 -80.000200 -13.999960 -90.000000 0.000000 0.000000 1.000000 0.000000 1.000000 0.000000 -1.000000 0.000000 0.000000 6558.dat
1 1 79.999920 -13.999870 -90.000060 0.000000 0.000000 1.000000 0.000000 1.000000 0.000000 -1.000000 0.000000 0.000000 6558.dat
1 1 39.999870 -13.999890 -90.000030 0.000000 0.000000 1.000000 0.000000 1.000000 0.000000 -1.000000 0.000000 0.000000 6558.dat
1 1 -119.999900 -13.999940 90.000060 0.000000 0.000000 -1.000000 0.000000 1.000000 0.000000 1.000000 0.000000 0.000000 6558.dat
1 1 -80.000170 -13.999930 90.000060 0.000000 -1.000000 0.000000 0.000000 0.000000 -1.000000 1.000000 0.000000 0.000000 6558.dat
1 1 39.999890 -13.999870 90.000030 0.000000 0.000000 -1.000000 0.000000 1.000000 0.000000 1.000000 0.000000 0.000000 6558.dat
1 1 79.999970 -13.999860 90.000030 0.000000 0.000000 -1.000000 0.000000 1.000000 0.000000 1.000000 0.000000 0.000000 6558.dat
1 72 -99.999980 -23.999990 -90.000000 1.000000 0.000000 0.000000 0.000000 1.000000 0.000000 0.000000 0.000000 1.000000 3701.dat
1 72 -99.999970 -23.999980 -110.000100 1.000000 0.000000 0.000000 0.000000 1.000000 0.000000 0.000000 0.000000 1.000000 3701.dat
1 72 60.000000 -23.999900 -90.000030 1.000000 0.000000 0.000000 0.000000 1.000000 0.000000 0.000000 0.000000 1.000000 3701.dat
1 72 60.000000 -23.999900 -110.000100 1.000000 0.000000 0.000000 0.000000 1.000000 0.000000 0.000000 0.000000 1.000000 3701.dat
1 72 60.000020 -23.999880 90.000030 1.000000 0.000000 0.000000 0.000000 1.000000 0.000000 0.000000 0.000000 1.000000 3701.dat
1 72 60.000020 -23.999880 110.000100 1.000000 0.000000 0.000000 0.000000 1.000000 0.000000 0.000000 0.000000 1.000000 3701.dat
1 72 -99.999920 -23.999960 90.000060 1.000000 0.000000 0.000000 0.000000 1.000000 0.000000 0.000000 0.000000 1.000000 3701.dat
1 72 -99.999920 -23.999950 110.000100 1.000000 0.000000 0.000000 0.000000 1.000000 0.000000 0.000000 0.000000 1.000000 3701.dat
1 70 79.999940 -31.999830 -100.000000 1.000000 0.000000 0.000000 0.000000 1.000000 0.000000 0.000000 0.000000 1.000000 3022.dat
1 70 -20.000150 -31.999880 -100.000000 1.000000 0.000000 0.000000 0.000000 1.000000 0.000000 0.000000 0.000000 1.000000 3034.dat
1 19 -109.999700 -47.999940 -100.000100 0.000000 0.000000 0.999996 0.000000 1.000000 0.000000 -1.000000 0.000000 0.000000 3039.dat
1 70 29.999880 -55.999840 -100.000000 0.000000 0.000000 -1.000000 0.000000 1.000000 0.000000 1.000000 0.000000 0.000000 30363.dat
1 27 29.999880 -63.999840 -90.000030 1.000000 0.000000 0.000000 0.000000 1.000000 0.000000 0.000000 0.000000 1.000000 3070b.dat
1 70 -0.000200 -55.999880 -90.000030 1.000000 0.000000 0.000000 0.000000 1.000000 0.000000 0.000000 0.000000 1.000000 3039.dat
1 70 -10.000160 -127.999900 -90.000030 0.000000 0.000000 -1.000000 0.000000 1.000000 0.000000 1.000000 0.000000 0.000000 4460a.dat
1 19 -10.000170 -127.999900 -90.000030 0.000000 0.000000 -1.000000 0.000000 1.000000 0.000000 1.000000 0.000000 0.000000 54200.dat
1 70 -60.000200 -176.000000 -100.000000 1.000000 0.000000 0.000000 0.000000 1.000000 0.000000 0.000000 0.000000 1.000000 47847.dat
1 19 -89.999940 -152.000000 -90.000030 -0.000001 0.000000 1.000000 0.000000 1.000000 0.000000 -1.000000 0.000000 -0.000001 54200.dat
1 70 69.999970 -31.999820 100.000000 0.000000 0.000000 -1.000000 0.000000 1.000000 0.000000 1.000000 0.000000 0.000000 3023b.dat
1 70 89.999950 -31.999820 100.000000 0.000000 0.000000 -1.000000 0.000000 1.000000 0.000000 1.000000 0.000000 0.000000 3069b.dat
1 70 -20.000110 -31.999850 100.000000 1.000000 0.000000 0.000000 0.000000 1.000000 0.000000 0.000000 0.000000 1.000000 3034.dat
1 70 29.999940 -55.999800 100.000000 0.000000 0.000000 -1.000000 0.000000 1.000000 0.000000 1.000000 0.000000 0.000000 3039.dat
1 19 -0.000160 -55.999840 90.000030 -1.000000 0.000000 0.000000 0.000000 1.000000 0.000000 0.000000 0.000000 -1.000000 3039.dat
1 70 -10.000110 -127.999900 90.000040 0.000000 0.000000 -1.000000 0.000000 1.000000 0.000000 1.000000 0.000000 0.000000 4460a.dat
1 70 -60.000080 -176.000000 100.000000 -1.000000 0.000000 0.000000 0.000000 1.000000 0.000000 0.000000 0.000000 -1.000000 47847.dat
1 19 -30.000260 -151.999900 90.000030 0.000000 0.000000 -1.000000 0.000000 1.000000 0.000000 1.000000 0.000000 0.000000 54200.dat
1 2 -89.999910 -160.000000 90.000040 1.000000 0.000000 0.000000 0.000000 1.000000 0.000000 0.000000 0.000000 1.000000 3024.dat
1 70 -109.999900 -47.999900 100.000000 -0.000001 0.000000 1.000000 0.000000 1.000000 0.000000 -1.000000 0.000000 -0.000001 3039.dat
1 19 -109.999900 -47.999900 90.000040 -1.000000 0.000000 -0.000001 0.000000 1.000000 0.000000 0.000001 0.000000 -1.000000 54200.dat
1 72 -53.997140 -16.000410 -0.000250 1.000047 0.000000 0.000000 0.000000 1.000000 0.000000 0.000000 0.000000 1.000047 3036.dat
1 70 -53.997200 -24.000410 50.002380 1.000047 0.000000 0.000000 0.000000 1.000000 0.000000 0.000000 0.000000 1.000047 6636.dat
1 70 -53.997100 -24.000410 -50.003120 1.000047 0.000000 0.000000 0.000000 1.000000 0.000000 0.000000 0.000000 1.000047 6636.dat
1 72 -73.996940 -8.000030 20.000510 1.000047 0.000000 0.000000 0.000000 1.000000 0.000000 0.000000 0.000000 1.000047 3034.dat
1 72 -73.997220 -8.000030 -20.001200 1.000047 0.000000 0.000000 0.000000 1.000000 0.000000 0.000000 0.000000 1.000047 3034.dat
1 72 -144.002600 -16.000440 -0.000270 0.000000 0.000000 -1.000047 0.000000 1.000000 0.000000 1.000047 0.000000 0.000000 3460.dat
1 72 6.004800 -48.000040 30.001150 1.000047 0.000000 0.000000 0.000000 1.000000 0.000000 0.000000 0.000000 1.000047 73562.dat
1 72 6.004860 -48.000040 -30.001930 -1.000047 0.000000 0.000000 0.000000 1.000000 0.000000 0.000000 0.000000 -1.000047 73562.dat
1 70 16.005260 -48.000040 40.001330 0.000000 0.000000 -1.000047 0.000000 1.000000 0.000000 1.000047 0.000000 0.000000 85984.dat
1 70 16.005360 -48.000040 -40.002020 0.000000 0.000000 -1.000047 0.000000 1.000000 0.000000 1.000046 0.000000 0.000000 85984.dat
1 322 -23.996540 -24.000400 10.000150 1.000047 0.000000 0.000000 0.000000 1.000000 0.000000 0.000000 0.000000 1.000047 98138.dat
1 72 -124.000500 -40.000110 -0.000280 0.000000 0.000000 -1.000047 0.000000 1.000000 0.000000 1.000047 0.000000 0.000000 32064c.dat
1 72 -144.002600 -40.000120 -0.000280 0.000000 0.000000 -1.000047 0.000000 1.000000 0.000000 1.000046 0.000000 0.000000 32064c.dat
1 70 -134.002300 -40.000110 -30.001970 1.000047 0.000000 0.000000 0.000000 1.000000 0.000000 0.000000 0.000000 1.000047 3004.dat
1 70 -134.002400 -40.000110 30.001110 1.000047 0.000000 0.000000 0.000000 1.000000 0.000000 0.000000 0.000000 1.000047 3004.dat
1 70 -144.002700 -40.000120 50.002360 1.000047 0.000000 0.000000 0.000000 1.000000 0.000000 0.000000 0.000000 1.000047 2357.dat
1 70 -144.002500 -40.000120 -50.003140 0.000000 0.000000 1.000046 0.000000 1.000000 0.000000 -1.000046 0.000000 0.000000 2357.dat
1 19 -144.002500 -40.000120 -70.004080 0.000000 0.000000 1.000000 0.000000 1.000000 0.000000 -1.000000 0.000000 0.000000 54200.dat
1 19 -144.002700 -40.000130 70.003300 0.000000 0.000000 1.000000 0.000000 1.000000 0.000000 -1.000000 0.000000 0.000000 54200.dat
1 2 -134.000000 -48.000120 0.000000 0.000000 0.000000 -1.000000 0.000000 1.000000 0.000000 1.000000 0.000000 0.000000 69729.dat
1 484 -73.997260 -16.000410 -0.000260 1.000047 0.000000 0.000000 0.000000 1.000000 0.000000 0.000000 0.000000 1.000047 64951.dat
1 322 -63.998000 -32.000140 10.000140 1.000047 0.000000 0.000000 0.000000 1.000000 0.000000 0.000000 0.000000 1.000047 6141.dat
1 322 -83.998580 -32.000150 10.000140 1.000047 0.000000 0.000000 0.000000 1.000000 0.000000 0.000000 0.000000 1.000047 6141.dat
1 322 -83.998580 -40.000090 10.000140 1.000047 0.000000 0.000000 0.000000 1.000000 0.000000 0.000000 0.000000 1.000047 98138.dat
1 322 -83.998580 -32.000150 -10.000710 1.000047 0.000000 0.000000 0.000000 1.000000 0.000000 0.000000 0.000000 1.000047 98138.dat
1 71 -184.183300 -30.000440 -0.000260 1.000047 0.000000 0.000000 0.000000 1.000000 0.000000 0.000000 0.000000 1.000047 5713.dat
1 0 -224.184600 -30.000460 -0.000270 0.000000 0.000000 -1.000047 0.000000 1.000000 0.000000 1.000047 0.000000 0.000000 79851.dat
1 4 -270.179800 -26.000020 0.000180 0.999996 0.000000 0.000000 0.000000 1.000000 0.000000 0.000000 0.000000 1.000000 32062.dat
1 4 -259.679500 -26.000010 0.000180 0.000000 -0.999996 0.000000 0.000000 0.000000 -1.000000 1.000000 0.000000 0.000000 32474.dat
1 71 53.087200 -99.684890 10.000060 0.669130 0.743142 0.000000 -0.743149 0.669130 0.000000 0.000000 0.000000 1.000004 60485.dat
1 71 120.000000 -173.999900 10.000040 0.000000 0.743142 -0.669130 0.000000 0.669130 0.743149 1.000004 0.000000 0.000000 32034.dat
1 71 186.913100 -248.314600 10.000010 0.669130 0.743142 0.000000 -0.743149 0.669130 0.000000 0.000000 0.000000 1.000004 60485.dat
1 71 120.000000 -173.999900 0.000030 0.000000 0.000000 -0.999996 0.000000 1.000000 0.000000 1.000000 0.000000 0.000000 3673.dat
1 4 253.826200 -322.629500 9.999990 0.000000 0.743142 0.669130 0.000000 0.669130 -0.743149 -1.000004 0.000000 0.000000 32013.dat
1 71 253.826200 -322.629500 -0.000120 0.000000 0.743142 -0.669130 0.000000 0.669130 0.743149 1.000004 0.000000 0.000000 3673.dat
1 4 253.826100 -322.629500 -10.000170 0.000000 -0.951059 -0.309013 0.000000 0.309019 -0.951056 1.000004 0.000000 0.000000 32013.dat
1 70 266.186700 -284.587400 -10.000170 0.309013 -0.951059 0.000000 0.951056 0.309019 0.000000 0.000000 0.000000 1.000004 24316.dat
1 484 276.384100 -253.202500 -10.000190 0.951059 0.309013 0.000000 -0.309019 0.951056 0.000000 0.000000 0.000000 1.000004 64951.dat
1 71 6.004840 -32.000100 -0.000470 1.000047 0.000000 0.000000 0.000000 1.000000 0.000000 0.000000 0.000000 1.000047 3068b.dat
