0 Untitled Model
0 Name:  WhatsForSale
0 Author:  
0 CustomBrick
0 FlexibleBrickControlPointUnitLength -1
0 NumOfBricks:  115
1 71 -80.000000 -9.000000 0.000000 0.000000 1.000000 0.000000 1.000000 0.000000 0.000000 0.000000 0.000000 -1.000000 32524.dat
1 0 -70.000000 -9.000010 -60.000020 1.000000 0.000000 0.000000 0.000000 1.000000 0.000000 0.000000 0.000000 1.000000 2780.dat
1 0 -70.000010 -9.000000 60.000020 1.000000 0.000000 0.000000 0.000000 1.000000 0.000000 0.000000 0.000000 1.000000 2780.dat
1 71 -40.000000 -9.000010 -0.000010 0.000000 0.000000 1.000000 0.000000 -1.000000 0.000000 1.000000 0.000000 0.000000 15458.dat
1 71 -40.000000 -29.000020 -80.000040 0.000000 -1.000000 0.000000 0.000000 0.000000 -1.000000 1.000000 0.000000 0.000000 2393.dat
1 71 -40.000010 -29.000010 79.999980 0.000000 -1.000000 0.000000 0.000000 0.000000 -1.000000 1.000000 0.000000 0.000000 2393.dat
1 0 -10.000010 -9.000010 60.000000 1.000000 0.000000 0.000000 0.000000 1.000000 0.000000 0.000000 0.000000 1.000000 2780.dat
1 0 -10.000000 -9.000010 -60.000020 1.000000 0.000000 0.000000 0.000000 1.000000 0.000000 0.000000 0.000000 1.000000 2780.dat
1 71 10.000000 -9.000010 -60.000020 1.000000 0.000000 0.000000 0.000000 1.000000 0.000000 0.000000 0.000000 1.000000 62462.dat
1 71 9.999990 -9.000010 60.000000 1.000000 0.000000 0.000000 0.000000 1.000000 0.000000 0.000000 0.000000 1.000000 62462.dat
1 0 -20.000000 -29.000020 -90.000040 0.000000 0.000000 -1.000000 0.000000 1.000000 0.000000 1.000000 0.000000 0.000000 2780.dat
1 0 -20.000000 -29.000010 89.999980 0.000000 0.000000 -1.000000 0.000000 1.000000 0.000000 1.000000 0.000000 0.000000 2780.dat
1 19 -60.000000 -29.000010 99.999950 0.000000 0.000000 -1.000000 0.000000 1.000000 0.000000 1.000000 0.000000 0.000000 32556.dat
1 19 -60.000020 -29.000020 -100.000000 0.000000 0.000000 1.000000 0.000000 1.000000 0.000000 -1.000000 0.000000 0.000000 32556.dat
1 70 80.000010 -29.000020 -100.000000 0.000000 0.000000 -1.000000 1.000000 0.000000 0.000000 0.000000 -1.000000 0.000000 32278.dat
1 70 80.000000 -29.000010 100.000000 0.000000 0.000000 -1.000000 1.000000 0.000000 0.000000 0.000000 -1.000000 0.000000 32278.dat
1 71 175.400600 -29.000100 -120.000000 0.000000 0.000000 -1.000000 0.000000 1.000000 0.000000 1.000000 0.000000 0.000000 2393.dat
1 0 195.400600 -29.000100 -0.000010 0.000000 -1.000000 0.000000 -1.000000 0.000000 0.000000 0.000000 0.000000 -1.000000 4526.dat
1 71 175.400600 -29.000090 120.000000 0.000000 0.000000 -1.000000 0.000000 1.000000 0.000000 1.000000 0.000000 0.000000 2393.dat
1 71 220.000000 -29.000040 -100.020000 0.000000 1.000000 0.000000 0.000000 0.000000 -1.000000 -1.000000 0.000000 0.000000 69819.dat
1 0 230.000000 -9.000010 -110.020000 1.000000 0.000000 0.000000 0.000000 1.000000 0.000000 0.000000 0.000000 1.000000 2780.dat
1 0 230.000000 -9.000010 -90.020020 1.000000 0.000000 0.000000 0.000000 1.000000 0.000000 0.000000 0.000000 1.000000 2780.dat
1 71 240.000000 -9.000010 -100.016100 0.000000 -1.000000 0.000000 -1.000000 0.000000 0.000000 0.000000 0.000000 -1.000000 43857.dat
1 71 220.000000 -29.000060 -130.020000 0.000000 1.000000 0.000000 0.000000 0.000000 1.000000 1.000000 0.000000 0.000000 5713.dat
1 71 219.999900 -29.000010 99.990050 0.000000 1.000004 0.000000 0.000000 0.000000 -1.000004 -1.000000 0.000000 0.000000 69819.dat
1 0 229.999900 -8.999860 89.990060 1.000004 0.000000 0.000000 0.000000 1.000004 0.000000 0.000000 0.000000 1.000000 2780.dat
1 0 229.999900 -8.999860 109.990000 1.000004 0.000000 0.000000 0.000000 1.000004 0.000000 0.000000 0.000000 1.000000 2780.dat
1 71 240.000700 -8.999929 99.990030 0.000000 -1.000000 0.000000 -1.000000 0.000000 0.000000 0.000000 0.000000 -1.000000 43857.dat
1 71 219.999900 -28.999980 129.990100 0.000000 -1.000000 0.000000 0.000000 0.000000 1.000000 -1.000000 0.000000 0.000000 5713.dat
1 0 219.999900 -29.002830 59.990060 1.000000 0.000000 0.000000 0.000000 1.000000 0.000000 0.000000 0.000000 1.000000 59443.dat
1 0 220.000000 -29.002900 -60.020020 1.000000 0.000000 0.000000 0.000000 1.000000 0.000000 0.000000 0.000000 1.000000 59443.dat
1 0 220.000000 -29.000040 -0.020010 0.000000 0.000000 -1.000000 0.000000 1.000000 0.000000 1.000000 0.000000 0.000000 3706.dat
1 0 175.400600 -9.000100 -130.000000 0.000000 0.000000 -1.000000 0.000000 1.000000 0.000000 1.000000 0.000000 0.000000 2780.dat
1 19 175.400600 -49.000100 -120.000000 0.000001 0.000000 -1.000000 0.000000 1.000000 0.000000 1.000000 0.000000 0.000001 32556.dat
1 4 175.400500 -29.000110 -200.000000 0.000000 1.000000 0.000000 0.000000 0.000000 1.000000 1.000000 0.000000 0.000000 71709.dat
1 71 175.400600 -49.000100 110.000000 0.000000 0.000000 -1.000000 0.000000 1.000000 0.000000 1.000000 0.000000 0.000000 3673.dat
1 71 55.911140 -60.058400 99.999970 -0.092152 0.000000 0.995745 0.995745 0.000000 0.092152 0.000000 1.000000 0.000000 41239.dat
1 71 55.911120 -60.058430 120.000000 -0.258820 0.000000 0.965926 -0.965926 0.000001 -0.258820 -0.000001 -1.000000 0.000000 41239.dat
1 4 -21.363170 -39.352820 130.000000 0.000000 0.965926 0.258820 -0.000001 -0.258820 0.965926 1.000000 0.000000 0.000001 89678.dat
1 4 17.273850 -49.705620 130.000000 0.000000 0.965926 0.258820 -0.000001 -0.258820 0.965926 1.000000 0.000000 0.000001 89678.dat
1 4 94.548000 -70.411250 130.000000 0.000000 0.965926 0.258820 -0.000001 -0.258820 0.965926 1.000000 0.000000 0.000001 89678.dat
1 4 133.185000 -80.764080 130.000000 0.000000 0.965926 0.258820 -0.000001 -0.258820 0.965926 1.000000 0.000000 0.000001 89678.dat
1 19 -2.044670 -44.529220 138.000000 0.965926 0.000000 0.258820 -0.258820 0.000001 0.965926 0.000000 -1.000000 0.000001 2431.dat
1 19 113.866600 -75.587670 138.000000 0.965926 0.000000 0.258820 -0.258820 0.000001 0.965926 0.000000 -1.000000 0.000001 2431.dat
1 0 152.503700 -85.940430 110.000000 0.000000 -0.087155 -0.996195 -0.000001 0.996195 -0.087155 1.000000 0.000001 0.000000 6628.dat
1 28 55.911160 -60.058380 99.999970 0.000000 0.258820 -0.965926 0.000000 0.965926 0.258820 1.000000 0.000000 0.000000 6587.dat
1 0 55.910420 -60.061140 69.999970 0.965926 0.258820 0.000000 -0.258820 0.965926 0.000000 0.000000 0.000000 1.000000 59443.dat
1 0 55.911120 -60.058380 9.999969 0.000000 0.258820 -0.965926 0.000000 0.965926 0.258820 1.000000 0.000000 0.000000 3706.dat
1 71 55.911110 -60.058380 -60.000040 -0.258820 0.965925 0.000000 -0.965925 -0.258820 0.000000 0.000000 0.000000 1.000000 32034.dat
1 4 53.322920 -69.717640 -60.000040 -0.258820 0.000000 -0.965926 -0.965926 0.000000 0.258820 0.000000 1.000000 0.000000 89678.dat
1 71 49.699420 -83.240600 -60.000040 0.000000 0.258821 -0.965926 0.000000 0.965925 0.258821 1.000000 0.000000 0.000000 48729b.dat
1 179 12.028330 -73.146600 -60.000020 -0.258821 0.000000 0.965926 -0.965926 0.000000 -0.258821 0.000000 -1.000000 0.000000 64648.dat
1 71 55.911160 -60.058400 -100.000000 0.092152 0.000000 -0.995745 -0.995745 0.000000 -0.092153 0.000000 1.000000 0.000000 41239.dat
1 0 146.110100 -121.758100 -0.000850 0.642789 -0.766041 0.000000 0.766044 0.642787 -0.000001 0.000001 0.000001 1.000011 39794.dat
1 4 166.624800 -112.863900 100.000100 0.766041 0.000000 -0.642789 -0.642787 -0.000001 -0.766044 -0.000001 1.000011 -0.000001 89678.dat
1 4 140.913300 -143.505700 100.000100 0.766041 0.000000 -0.642789 -0.642787 -0.000001 -0.766044 -0.000001 1.000011 -0.000001 89678.dat
1 4 115.201700 -174.147500 59.999820 0.766041 0.000000 -0.642789 -0.642787 -0.000001 -0.766044 -0.000001 1.000011 -0.000001 89678.dat
1 4 115.201600 -174.147400 19.999420 0.766041 0.000000 -0.642789 -0.642787 -0.000001 -0.766044 -0.000001 1.000011 -0.000001 89678.dat
1 4 115.201700 -174.147400 -20.001040 0.766041 0.000000 -0.642789 -0.642787 -0.000001 -0.766044 -0.000001 1.000011 -0.000001 89678.dat
1 4 115.201600 -174.147400 -60.001540 0.766041 0.000000 -0.642789 -0.642787 -0.000001 -0.766044 -0.000001 1.000011 -0.000001 89678.dat
1 4 140.913200 -143.505400 -100.002000 0.766041 0.000000 -0.642789 -0.642787 -0.000001 -0.766044 -0.000001 1.000011 -0.000001 89678.dat
1 4 166.624800 -112.863800 -100.002000 0.766041 0.000000 -0.642789 -0.642787 -0.000001 -0.766044 -0.000001 1.000011 -0.000001 89678.dat
1 4 192.336400 -82.221900 -60.001340 0.766041 0.000000 -0.642789 -0.642787 -0.000001 -0.766044 -0.000001 1.000011 -0.000001 89678.dat
1 4 192.336400 -82.221900 -20.000930 0.766041 0.000000 -0.642789 -0.642787 -0.000001 -0.766044 -0.000001 1.000011 -0.000001 89678.dat
1 4 192.336400 -82.221910 19.999500 0.766041 0.000000 -0.642789 -0.642787 -0.000001 -0.766044 -0.000001 1.000011 -0.000001 89678.dat
1 4 192.336400 -82.221950 59.999920 0.766041 0.000000 -0.642789 -0.642787 -0.000001 -0.766044 -0.000001 1.000011 -0.000001 89678.dat
1 71 171.821700 -91.116290 -110.002300 0.000000 -0.766041 -0.642789 -0.000001 0.642787 -0.766044 1.000011 0.000001 0.000000 3673.dat
1 71 171.822200 -91.116860 110.000000 0.000000 -0.766044 -0.642789 -0.000001 0.642789 -0.766044 1.000000 0.000001 0.000000 3673.dat
1 71 159.897500 -133.327100 59.999860 0.642789 -0.766041 0.000000 0.766044 0.642787 -0.000001 0.000001 0.000001 1.000011 3036.dat
1 71 159.897400 -133.326900 -60.001460 0.642789 -0.766041 0.000000 0.766044 0.642787 -0.000001 0.000001 0.000001 1.000011 3036.dat
1 19 140.913200 -143.505600 -0.000870 0.000000 -0.766041 0.642789 0.000001 0.642787 0.766044 -1.000011 0.000001 0.000001 3034.dat
1 19 166.624900 -112.863900 -0.000840 0.000000 -0.766041 0.642789 0.000001 0.642787 0.766044 -1.000010 0.000001 0.000001 3034.dat
1 19 133.886300 -176.771500 -0.000840 0.000000 -0.766041 -0.642789 -0.000001 0.642787 -0.766044 1.000011 0.000001 -0.000001 3069b.dat
1 2 159.597700 -146.129900 69.999880 0.642789 -0.766041 0.000000 0.766044 0.642787 -0.000001 0.000001 0.000001 1.000011 3024.dat
1 27 198.165200 -100.166900 -70.001400 0.642789 -0.766041 0.000000 0.766044 0.642787 -0.000001 0.000001 0.000001 1.000011 3070b.dat
1 0 99.880770 -161.291600 -100.002100 0.766042 -0.631948 0.117554 -0.642787 -0.753126 0.140097 -0.000001 -0.182884 -0.983146 6628.dat
1 0 99.880840 -161.291800 100.000000 0.766042 -0.631948 0.117554 -0.642787 -0.753126 0.140097 -0.000001 -0.182884 -0.983146 6628.dat
1 71 55.911040 -60.058440 -120.000000 -0.258820 0.000000 0.965926 -0.965926 0.000001 -0.258820 -0.000001 -1.000000 0.000000 41239.dat
1 4 -21.363000 -39.352860 -130.000000 0.000000 -0.965926 -0.258820 -0.000001 -0.258820 0.965926 -1.000000 0.000000 -0.000001 89678.dat
1 4 17.274020 -49.705660 -130.000000 0.000000 -0.965926 -0.258820 -0.000001 -0.258820 0.965926 -1.000000 0.000000 -0.000001 89678.dat
1 4 94.548060 -70.411280 -130.000000 0.000000 -0.965926 -0.258820 -0.000001 -0.258820 0.965926 -1.000000 0.000000 -0.000001 89678.dat
1 4 133.185100 -80.764100 -130.000000 0.000000 -0.965926 -0.258820 -0.000001 -0.258820 0.965926 -1.000000 0.000000 -0.000001 89678.dat
1 19 -2.044490 -44.529270 -138.000000 -0.965926 0.000000 0.258819 0.258819 0.000000 0.965926 0.000000 1.000000 0.000000 2431.dat
1 19 113.866600 -75.587680 -138.000000 -0.965926 0.000000 0.258819 0.258820 0.000001 0.965926 0.000000 1.000000 -0.000001 2431.dat
1 28 55.911020 -60.058490 -100.000000 -0.000001 -0.258820 0.965926 0.000000 0.965926 0.258820 -1.000000 0.000000 0.000000 6587.dat
1 4 -100.000000 -89.000010 40.000030 0.000000 -1.000000 0.000000 0.000000 0.000000 1.000000 -1.000000 0.000000 0.000000 32526.dat
1 19 -100.000000 -9.000000 40.000010 -1.000000 0.000000 0.000000 0.000000 1.000000 0.000000 0.000000 0.000000 -1.000000 32556.dat
1 71 -110.000000 -9.000010 0.000020 1.000000 0.000000 0.000000 0.000000 1.000000 0.000000 0.000000 0.000000 1.000000 3673.dat
1 4 -120.000000 -49.000020 40.000030 0.000000 1.000000 0.000000 0.000000 0.000000 -1.000000 -1.000000 0.000000 0.000000 32316.dat
1 4 -120.000000 -89.000010 40.000030 1.000000 0.000000 0.000000 0.000000 1.000000 0.000000 0.000000 0.000000 1.000000 32054.dat
1 4 -190.000000 -89.000030 40.000030 1.000000 0.000000 0.000000 0.000000 1.000000 0.000000 0.000000 0.000000 1.000000 3706.dat
1 4 -240.499900 -89.000030 40.000030 0.000000 1.000000 0.000000 1.000000 0.000000 0.000000 0.000000 0.000000 -1.000000 32474.dat
1 71 -90.000000 -9.000010 -40.000010 1.000000 0.000000 0.000000 0.000000 1.000000 0.000000 0.000000 0.000000 1.000000 3673.dat
1 71 -100.000000 -9.000010 -60.000020 0.000000 1.000000 0.000000 -1.000000 0.000000 0.000000 0.000000 0.000000 1.000000 32523.dat
1 71 -110.000000 -9.000010 -80.000020 1.000000 0.000000 0.000000 0.000000 1.000000 0.000000 0.000000 0.000000 1.000000 3673.dat
1 71 -120.000000 -19.000010 -40.000020 0.000000 0.000000 -1.000000 0.000000 1.000000 0.000000 1.000000 0.000000 0.000000 3894.dat
1 1 -140.000300 -9.000010 -20.000050 -1.000003 0.000000 0.000000 0.000000 1.000000 0.000000 0.000000 0.000000 -1.000003 6558.dat
1 1 -140.000300 -9.000010 -60.000190 -1.000003 0.000000 0.000000 0.000000 1.000000 0.000000 0.000000 0.000000 -1.000003 6558.dat
1 71 -140.000300 -9.000010 -40.000110 0.000000 1.000003 0.000000 -1.000000 0.000000 0.000000 0.000000 0.000000 1.000003 32523.dat
1 71 -160.000400 -19.000010 -40.000100 0.000001 0.000000 -1.000003 0.000000 1.000000 0.000000 1.000003 0.000000 0.000001 3894.dat
1 70 -130.000400 -27.000010 -40.000260 0.000000 0.000000 -1.000000 0.000000 1.000000 0.000000 1.000000 0.000000 0.000000 3032.dat
1 15 -100.000400 -27.000010 9.999730 1.000000 0.000000 0.000000 0.000000 1.000000 0.000000 0.000000 0.000000 1.000000 24946.dat
1 322 -120.000400 -35.000010 -10.000260 1.000000 0.000000 0.000000 0.000000 1.000000 0.000000 0.000000 0.000000 1.000000 6141.dat
1 322 -100.000400 -35.000010 -30.000270 1.000000 0.000000 0.000000 0.000000 1.000000 0.000000 0.000000 0.000000 1.000000 98138.dat
1 72 -110.000400 -35.000010 -80.000260 1.000000 0.000000 0.000000 0.000000 1.000000 0.000000 0.000000 0.000000 1.000000 4032a.dat
1 71 -110.000400 -43.000020 -80.000260 1.000000 0.000000 0.000000 0.000000 1.000000 0.000000 0.000000 0.000000 1.000000 4032a.dat
1 71 -140.000400 -51.000020 -30.000260 0.000000 0.000000 -1.000000 0.000000 1.000000 0.000000 1.000000 0.000000 0.000000 6541.dat
1 28 -110.000400 -55.990020 -80.000260 0.000000 0.000000 1.000000 -1.000000 0.000000 0.000000 0.000000 -1.000000 0.000000 6587.dat
1 72 -110.000400 -75.990000 -79.999720 0.000000 0.000000 1.000000 -1.000000 0.000000 0.000000 0.000000 -1.000000 0.000000 15460.dat
1 322 -110.000400 -55.990000 -80.000270 0.000000 0.000000 1.000000 -1.000000 0.000000 0.000000 0.000000 -1.000000 0.000000 32016.dat
1 14 -150.000400 -41.000010 -30.000260 1.000000 0.000000 0.000000 0.000000 1.000000 0.000000 0.000000 0.000000 1.000000 3673.dat
1 72 -160.000400 -41.000010 -30.000260 0.000000 1.000000 -0.000001 -0.882948 0.000000 -0.469472 -0.469472 0.000000 0.882948 22961.dat
1 72 -160.000400 -58.658950 -39.389700 -0.000001 1.000000 0.000000 -0.469472 0.000000 0.882948 0.882948 0.000001 0.469472 24122.dat
1 297 -160.000400 -43.411860 -76.585490 1.000000 0.000000 -0.000001 0.000000 0.882948 -0.469472 0.000000 0.469472 0.882948 4528.dat
1 297 -160.000400 -80.969630 -5.949680 -1.000000 0.000000 0.000000 0.000000 0.882948 0.469472 0.000000 0.469472 -0.882948 4528.dat
