0 Untitled Model
0 Name:  WhoLivedHere
0 Author: 
0 CustomBrick
0 FlexibleBrickControlPointUnitLength -1
0 NumOfBricks:  160
1 72 0 -150 -10 1 0 0 0 1 0 0 0 1 39790.dat
1 4 -99.9999 -159.998 -110.0002 0 1 0 -1 0 0 0 0 1 89678.dat
1 4 -99.9999 -159.998 -70 0 1 0 -1 0 0 0 0 1 89678.dat
1 4 -99.9999 -159.998 -30 0 1 0 -1 0 0 0 0 1 89678.dat
1 4 -99.9999 -159.998 10 0 1 0 -1 0 0 0 0 1 89678.dat
1 4 -99.9999 -159.998 89.9998 0 1 0 -1 0 0 0 0 1 89678.dat
1 4 -60 -159.998 129.9998 0 1 0 -1 0 0 0 0 1 89678.dat
1 4 -20 -159.998 129.9998 0 1 0 -1 0 0 0 0 1 89678.dat
1 4 20 -159.998 129.9997 0 1 0 -1 0 0 0 0 1 89678.dat
1 4 -20 -159.998 -150.0002 0 1 0 -1 0 0 0 0 1 89678.dat
1 4 20 -159.998 -150.0002 0 1 0 -1 0 0 0 0 1 89678.dat
1 4 60 -159.998 -150.0002 0 1 0 -1 0 0 0 0 1 89678.dat
1 4 100 -159.998 -110.0002 0 1 0 -1 0 0 0 0 1 89678.dat
1 4 100 -159.998 -30 0 1 0 -1 0 0 0 0 1 89678.dat
1 4 100 -159.998 10 0 1 0 -1 0 0 0 0 1 89678.dat
1 4 100 -159.998 49.9999 0 1 0 -1 0 0 0 0 1 89678.dat
1 4 100 -159.998 89.9998 0 1 0 -1 0 0 0 0 1 89678.dat
1 2 -99.9999 -167.9981 -10 0 0 -1 0 1 0 1 0 0 3710.dat
1 2 100.0001 -167.998 -10 0 0 -1 0 1 0 1 0 0 3710.dat
1 27 -99.9999 -167.9981 -90.0002 0 0 -1 0 1 0 1 0 0 63864.dat
1 27 100.0001 -167.998 69.9998 0 0 -1 0 1 0 1 0 0 63864.dat
1 27 -99.9999 -167.9981 89.9998 1 0 0 0 1 0 0 0 1 3070b.dat
1 27 100 -167.998 -110.0002 1 0 0 0 1 0 0 0 1 3070b.dat
1 4 -110 -150 109.9998 -1 0 0 0 -1 0 0 0 1 89678.dat
1 4 110.0001 -150 -130.0002 1 0 0 0 1 0 0 0 1 89678.dat
1 2 118.0001 -150 -130.0002 0 -1 0 1 0 0 0 0 1 3024.dat
1 2 -118 -150 109.9998 0 1 0 -1 0 0 0 0 1 3024.dat
1 0 -99.9999 -139.998 -150.0002 0 -1 0 1 0 0 0 0 1 2780.dat
1 0 100 -139.998 -150.0002 0 -1 0 1 0 0 0 0 1 2780.dat
1 0 100 -139.998 129.9998 0 -1 0 1 0 0 0 0 1 2780.dat
1 0 -99.9999 -139.998 129.9998 0 -1 0 1 0 0 0 0 1 2780.dat
1 70 -99.9999 -129.998 -150.0002 1 0 0 0 1 0 0 0 1 18654.dat
1 70 100 -129.998 -150.0002 1 0 0 0 1 0 0 0 1 18654.dat
1 70 100 -129.998 129.9998 1 0 0 0 1 0 0 0 1 18654.dat
1 70 -99.9999 -129.998 129.9998 1 0 0 0 1 0 0 0 1 18654.dat
1 4 0 -150 119.9998 0 0 -1 0 1 0 1 0 0 6628.dat
1 15 0.0001 -149.9996 -10 1 -0.000003 -0.000003 -0.000004 -0.615661 -0.788011 0 0.788011 -0.615661 39794.dat
1 4 -59.9997 -65.0429 43.6876 0.000003 1 -0.000003 0.615661 -0.000004 -0.788011 -0.788011 0 -0.615661 89678.dat
1 4 -59.9998 -96.5634 19.0611 0.000003 1 -0.000003 0.615661 -0.000004 -0.788011 -0.788011 0 -0.615661 89678.dat
1 4 -59.9999 -128.0838 -5.5653 0.000003 1 -0.000003 0.615661 -0.000004 -0.788011 -0.788011 0 -0.615661 89678.dat
1 4 -60.0001 -159.6042 -30.1918 0.000003 1 -0.000003 0.615661 -0.000004 -0.788011 -0.788011 0 -0.615661 89678.dat
1 4 -60.0002 -191.1246 -54.8181 0.000003 1 -0.000003 0.615661 -0.000004 -0.788011 -0.788011 0 -0.615661 89678.dat
1 4 -60.0003 -222.645 -79.4446 0.000003 1 -0.000003 0.615661 -0.000004 -0.788011 -0.788011 0 -0.615661 89678.dat
1 4 -20.0003 -222.6452 -79.4446 0.000003 1 -0.000003 0.615661 -0.000004 -0.788011 -0.788011 0 -0.615661 89678.dat
1 4 19.9997 -222.6454 -79.4445 0.000003 1 -0.000003 0.615661 -0.000004 -0.788011 -0.788011 0 -0.615661 89678.dat
1 4 59.9998 -222.6456 -79.4446 0.000003 1 -0.000003 0.615661 -0.000004 -0.788011 -0.788011 0 -0.615661 89678.dat
1 4 59.9999 -191.1251 -54.8181 0.000003 1 -0.000003 0.615661 -0.000004 -0.788011 -0.788011 0 -0.615661 89678.dat
1 4 60 -159.6047 -30.1918 0.000003 1 -0.000003 0.615661 -0.000004 -0.788011 -0.788011 0 -0.615661 89678.dat
1 4 60.0001 -128.0843 -5.5653 0.000003 1 -0.000003 0.615661 -0.000004 -0.788011 -0.788011 0 -0.615661 89678.dat
1 4 60.0003 -96.5639 19.0611 0.000003 1 -0.000003 0.615661 -0.000004 -0.788011 -0.788011 0 -0.615661 89678.dat
1 4 60.0004 -65.0434 43.6876 0.000003 1 -0.000003 0.615661 -0.000004 -0.788011 -0.788011 0 -0.615661 89678.dat
1 4 -19.9996 -65.0431 43.6876 0.000003 1 -0.000003 0.615661 -0.000004 -0.788011 -0.788011 0 -0.615661 89678.dat
1 4 20.0004 -65.0433 43.6876 0.000003 1 -0.000003 0.615661 -0.000004 -0.788011 -0.788011 0 -0.615661 89678.dat
1 0 70.0003 -118.4795 14.6265 1 -0.000003 -0.000003 -0.000004 -0.615661 -0.788011 0 0.788011 -0.615661 2780.dat
1 0 70 -181.5204 -34.6264 1 -0.000003 -0.000003 -0.000004 -0.615661 -0.788011 0 0.788011 -0.615661 2780.dat
1 0 -69.9999 -118.4789 14.6265 1 -0.000003 -0.000003 -0.000004 -0.615661 -0.788011 0 0.788011 -0.615661 2780.dat
1 0 -70.0001 -181.5197 -34.6264 1 -0.000003 -0.000003 -0.000004 -0.615661 -0.788011 0 0.788011 -0.615661 2780.dat
1 72 80.0002 -150 -10 -0.000003 -1 -0.000003 -0.615661 0.000004 -0.788011 0.788011 0 -0.615661 32316.dat
1 72 -79.9999 -149.9993 -10 -0.000003 -1 -0.000003 -0.615661 0.000004 -0.788011 0.788011 0 -0.615661 32316.dat
1 19 -0.0001 -186.1996 -61.1222 1 -0.000003 -0.000003 -0.000004 -0.615661 -0.788011 0 0.788011 -0.615661 3036.dat
1 0 39.9997 -220.9207 -65.4094 -0.000003 -0.000003 -1 -0.788011 -0.615661 0.000004 -0.615661 0.788011 0 2780.dat
1 0 -0.0003 -220.9205 -65.4094 -0.000003 -0.000003 -1 -0.788011 -0.615661 0.000004 -0.615661 0.788011 0 2780.dat
1 0 40.0003 -79.0788 45.4093 -0.000003 -0.000003 -1 -0.788011 -0.615661 0.000004 -0.615661 0.788011 0 2780.dat
1 0 0.0004 -79.0787 45.4093 -0.000003 -0.000003 -1 -0.788011 -0.615661 0.000004 -0.615661 0.788011 0 2780.dat
1 72 20.0003 -86.9588 39.253 1 -0.000003 0.000003 -0.000004 -0.788011 0.615661 0 -0.61566 -0.788011 3167.dat
1 72 19.9998 -213.0405 -59.2527 1 -0.000003 0.000003 -0.000004 -0.788011 0.615661 0 -0.61566 -0.788011 3167.dat
1 322 -70.0002 -204.9143 -85.8964 1 -0.000003 -0.000003 -0.000004 -0.615661 -0.788011 0 0.788011 -0.615661 6141.dat
1 322 -50.0002 -189.1542 -73.5829 1 -0.000003 -0.000003 -0.000004 -0.615661 -0.788011 0 0.788011 -0.615661 6141.dat
1 322 -50.0001 -173.394 -61.2697 1 -0.000003 -0.000003 -0.000004 -0.615661 -0.788011 0 0.788011 -0.615661 98138.dat
1 322 -30 -157.6339 -48.9566 1 -0.000003 -0.000003 -0.000004 -0.615661 -0.788011 0 0.788011 -0.615661 98138.dat
1 72 20 -149.754 -42.8 1 -0.000003 -0.000003 -0.000004 -0.615661 -0.788011 0 0.788011 -0.615661 4032a.dat
1 179 10 -185.2135 -111.1128 1 -0.000003 -0.000003 -0.000004 -0.615661 -0.788011 0 0.788011 -0.615661 2343.dat
1 19 69.9999 -204.9149 -85.8964 1 -0.000003 -0.000003 -0.000004 -0.615661 -0.788011 0 0.788011 -0.615661 15712.dat
1 19 49.9998 -204.9148 -85.8964 1 -0.000003 -0.000003 -0.000004 -0.615661 -0.788011 0 0.788011 -0.615661 15712.dat
1 179 69.9955 -200.8112 -90.3044 0.000003 -0.000004 -1 0.615661 -0.788011 0.000004 -0.788011 -0.615661 0 98369.dat
1 71 20 -144.8287 -49.104 1 -0.000003 -0.000003 -0.000004 -0.615661 -0.788011 0 0.788011 -0.615661 4032a.dat
1 322 20.0001 -138.6659 -56.9919 0.000002 -0.000003 -1 0.615661 -0.78801 0.000004 -0.788011 -0.615661 0 32016.dat
1 72 20.0001 -126.3896 -72.705 0.000003 -0.000003 -1 0.615661 -0.78801 0.000004 -0.788011 -0.615661 0 15460.dat
1 28 20 -138.7029 -56.9446 0.000003 1 -0.000003 0.615661 -0.000004 -0.788011 -0.788011 0 -0.615661 6587.dat
1 71 80.0001 -150 -10 1 0 0 0 1 0 0 0 1 77765.dat
1 71 -79.9999 -150 -10 -1 0 0 0 1 0 0 0 -1 77765.dat
1 19 0.0003 -91.6383 12.7571 1 -0.000003 -0.000003 -0.000004 -0.615661 -0.788011 0 0.788011 -0.615661 3036.dat
1 71 -69.9996 -84.7423 -12.3118 -0.000003 -0.000003 -1 -0.788011 -0.615661 0.000004 -0.615661 0.788011 0 6541.dat
1 14 -59.9997 -90.8989 -4.4317 1 -0.000003 -0.000003 -0.000004 -0.615661 -0.788011 0 0.788011 -0.615661 3673.dat
1 72 -49.9997 -90.899 -4.4317 0.000003 -1 0.000003 0.615661 0.000004 0.788011 -0.788011 0 0.615661 22961.dat
1 72 -49.9997 -78.5857 -20.192 -0.000003 -1 0.000003 -0.78801 0.000004 0.615661 -0.615661 0 -0.788011 24122.dat
1 297 -49.9995 -44.6027 1.2824 1 -0.000003 -0.000003 -0.000004 -0.615661 -0.788011 0 0.788011 -0.615661 4528.dat
1 297 -49.9998 -107.6435 -47.9705 -1 -0.000003 0.000003 0.000004 -0.615661 0.788011 0 0.788011 0.615661 4528.dat
1 15 -9.9997 -115.2786 -5.7128 1 -0.000003 -0.000003 -0.000004 -0.615661 -0.788011 0 0.788011 -0.615661 24946.dat
1 19 -9.9995 -78.8328 12.6096 1 -0.000003 -0.000003 -0.000004 -0.615661 -0.788011 0 0.788011 -0.615661 15712.dat
1 72 40.0003 -86.7132 6.4529 -0.000003 -0.000003 -1 -0.788011 -0.615661 0.000004 -0.615661 0.788011 0 3020.dat
1 179 -9.9994 -44.4065 31.8923 -0.000003 -1 -0.000003 -0.615661 0.000004 -0.788011 0.788011 0 -0.615661 64648.dat
1 84 40.0004 -81.7879 0.1488 -0.000003 -0.000003 -1 -0.788011 -0.615661 0.000004 -0.615661 0.788011 0 87079.dat
1 72 0.0001 -160 -170.0002 1 0 0 0 1 0 0 0 1 3894.dat
1 72 50 -160 -170.0002 0 0 -1 0 1 0 1 0 0 54200.dat
1 72 -50 -160 -180.0002 0 0 1 0 1 0 -1 0 0 85984.dat
1 72 0.0001 -160 -190.0002 1 0 0 0 1 0 0 0 1 3894.dat
1 1 -40 -150 -170.0002 0 0 -1 0 1 0 1 0 0 6558.dat
1 1 40 -150 -170.0002 0 0 -1 0 1 0 1 0 0 6558.dat
1 1 0.0001 -160 149.9999 1.000001 0 0 0 1 0 0 0 1.000001 3894.dat
1 72 0.0001 -160 170 1.000001 0 0 0 1 0 0 0 1.000001 3894.dat
1 1 40 -150 149.9998 0 0 1 0 1 0 -1 0 0 6558.dat
1 1 -40 -150 149.9999 0 0 1.000001 0 1 0 -1.000001 0 0 6558.dat
1 72 50.0001 -160 160 0 0 -1 0 1 0 1 0 0 85984.dat
1 72 -50 -160 150 0 0 1 0 1 0 -1 0 0 54200.dat
1 0 120.0001 -130 -19.8998 0 0 -1 0 1 0 1 0 0 3737.dat
1 72 120.0001 -130.0029 80.0992 1 0 0 0 1 0 0 0 1 59443.dat
1 4 120.0001 -130 50.0999 0 0 1 -1 0 0 0 -1 0 32348.dat
1 0 100.0001 -130 30.1001 0 0 -1 0 1 0 1 0 0 32039.dat
1 19 90.0001 -130 30.1001 1 0 0 0 1 0 0 0 1 3749.dat
1 15 80 -130 30.1001 0 1 0 -1 0 0 0 0 1 18654.dat
1 1 140 -130 30.1001 0 0 -1 0 1 0 1 0 0 6558.dat
1 1 180.0002 -130 30.1001 0 0 -1 0 1 0 1 0 0 6558.dat
1 4 160.0002 -130 30.1001 0 0 -1 -1 0 0 0 1 0 32523.dat
1 14 216.0002 -178 30.1001 0 -0.6 -0.8 0 0.8 -0.6 1 0 0 4519.dat
1 4 216.0002 -178 30.1001 0.8 -0.6 0 0.6 0.8 0 0 0 1 3713.dat
1 4 120.0001 -130 10.1001 0 0 1 -1 0 0 0 -1 0 32348.dat
1 0 120.0001 -150 -29.9998 0 1 0 1 0 0 0 0 -1 11455.dat
1 0 130.0001 -150 -29.9998 1 0 0 0 1 0 0 0 1 2780.dat
1 1 120.0001 -150 -90.0002 -1 0 0 0 1 0 0 0 -1 6558.dat
1 72 140.0001 -150 10 0 -1 0 1 0 0 0 0 1 32525.dat
1 0 130.0001 -150 49.9999 1 0 0 0 1 0 0 0 1 2780.dat
1 1 120.0001 -150 109.9998 -1 0 0 0 1 0 0 0 -1 6558.dat
1 0 120.0001 -150 49.9999 0 -1 0 1 0 0 0 0 1 11455.dat
1 0 120.0001 -130 143.5098 0 0 -1 0 1 0 1 0 0 3706.dat
1 72 0.0001 -144 -200.0002 1 0 0 0 1 0 0 0 1 6082.dat
1 27 -90.0005 -56 -210.001 1.000006 0 0 0 1 0 0 0 1.000006 3024.dat
1 27 90.0005 -56 -210.001 1.000006 0 0 0 1 0 0 0 1.000006 3070b.dat
1 2 30.0001 -104 -230.001 1.000006 0 0 0 1 0 0 0 1.000006 3070b.dat
1 72 -20.0002 -48 -230.0011 1.000006 0 0 0 1 0 0 0 1.000006 85984.dat
1 72 -60.0004 -24 -230.001 1.000006 0 0 0 1 0 0 0 1.000006 85984.dat
1 72 -70.0004 -144 -170.0008 0 0 1.000006 0 1 0 -1.000006 0 0 54200.dat
1 72 -20.0002 -144 -210.001 1.000006 0 0 0 1 0 0 0 1.000006 85984.dat
1 72 30.0001 -144 -210.001 1.000006 0 0 0 1 0 0 0 1.000006 54200.dat
1 72 70.0005 -144 -180.0008 0 0 -1.000006 0 1 0 1.000006 0 0 85984.dat
1 72 90.0005 -120 -190.0008 0 0 -1.000006 0 1 0 1.000006 0 0 54200.dat
1 72 0 -144 180 -1 0 0 0 1 0 0 0 -1 6082.dat
1 27 90 -56 190 -1 0 0 0 1 0 0 0 -1 3024.dat
1 27 -89.9999 -56 190 -1 0 0 0 1 0 0 0 -1 3070b.dat
1 2 -30 -104 210.0001 -1 0 0 0 1 0 0 0 -1 3070b.dat
1 72 19.9999 -48 210.0001 -1 0 0 0 1 0 0 0 -1 85984.dat
1 72 59.9999 -24 210.0001 -1 0 0 0 1 0 0 0 -1 85984.dat
1 72 69.9999 -144 150.0001 0 0 -1 0 1 0 1 0 0 54200.dat
1 72 19.9999 -144 190 -1 0 0 0 1 0 0 0 -1 85984.dat
1 72 -30 -144 190 -1 0 0 0 1 0 0 0 -1 54200.dat
1 72 -69.9999 -144 160.0001 0 0 1 0 1 0 -1 0 0 85984.dat
1 72 -89.9999 -120 170.0001 0 0 1 0 1 0 -1 0 0 54200.dat
1 2 60 -167.9981 -150.0002 1 0 0 0 1 0 0 0 1 3024.dat
1 2 -60 -167.998 129.9998 1 0 0 0 1 0 0 0 1 3024.dat
1 72 20.0001 -192 130 -1 0 0 0 1 0 0 0 -1 3298.dat
1 72 0.0001 -168 130 -1 0 0 0 1 0 0 0 -1 3710.dat
1 72 0.0001 -168 160 -1 0 0 0 1 0 0 0 -1 3020.dat
1 72 -19.9999 -192 130 -1 0 0 0 1 0 0 0 -1 3298.dat
1 2 -9.9999 -200 130 -1 0 0 0 1 0 0 0 -1 3070b.dat
1 72 -20 -192 -150.0002 1 0 0 0 1 0 0 0 1 3298.dat
1 72 0.0001 -168 -150.0002 1 0 0 0 1 0 0 0 1 3710.dat
1 72 0.0001 -168 -180.0002 1 0 0 0 1 0 0 0 1 3020.dat
1 72 20 -192 -150.0002 1 0 0 0 1 0 0 0 1 3298.dat
1 2 10 -200 -150.0002 1 0 0 0 1 0 0 0 1 3070b.dat
1 179 49.9999 -200.7218 -90.6248 -1 0 0 0 -0.866025 -0.5 0 -0.5 0.866025 34173.dat
