0 Untitled Model
0 Name:  CoralNursery
0 Author: 
0 CustomBrick
0 FlexibleBrickControlPointUnitLength -1
0 NumOfBricks:  151
1 72 0 -42.2541 80 1 0 0 0 0 1 0 -1 0 60484.dat
1 0 0 -42.2541 90 0 0 -1 0 1 0 1 0 0 2780.dat
1 0 0 -2.2541 90 0 0 -1 0 1 0 1 0 0 2780.dat
1 1 20 -2.2541 60 0 0 1 0 1 0 -1 0 0 6558.dat
1 1 -20 -2.2541 60 0 0 1 0 1 0 -1 0 0 6558.dat
1 72 0 -2.2541 60 0 0 -1 -1 0 0 0 1 0 32523.dat
1 71 0 -2.2541 -20 1 0 0 0 1 0 0 0 1 64179.dat
1 0 50 -2.2541 20 -1 0 0 0 1 0 0 0 -1 2780.dat
1 0 50 -2.2541 -20 -1 0 0 0 1 0 0 0 -1 2780.dat
1 0 -50 -2.2541 -20 -1 0 0 0 1 0 0 0 -1 2780.dat
1 0 -50 -2.2541 20 -1 0 0 0 1 0 0 0 -1 2780.dat
1 0 -20 -2.2541 -90 0 0 1 0 1 0 -1 0 0 2780.dat
1 0 20 -2.2541 -90 0 0 1 0 1 0 -1 0 0 2780.dat
1 72 0 -2.2541 -100 0 0 -1 -1 0 0 0 1 0 32523.dat
1 72 80 -2.2541 0 1 0 0 0 1 0 0 0 1 39793.dat
1 72 -80 -2.2541 0 1 0 0 0 1 0 0 0 1 39793.dat
1 71 0 -2.2541 -60 1 0 0 0 0.965926 0.258817 0 -0.258817 0.965926 32073.dat
1 72 -20 -37.1017 -112.7793 0 -1 0 0.965926 0 0.258817 -0.258817 0 0.965927 32140.dat
1 1 0 -21.5727 -54.8237 1 0 0 0 0.965926 0.258817 0 -0.258817 0.965927 6558.dat
1 72 0 -2.2541 -60 0 -1 0 0.258817 0 -0.965927 0.965927 0 0.258817 60483.dat
1 72 20 -37.1017 -112.7793 0 -1 0 0.965926 0 0.258817 -0.258817 0 0.965927 32140.dat
1 72 0 -37.1017 -112.7793 1 0 0 0 0.258817 -0.965926 0 0.965927 0.258817 27940.dat
1 1 0 -122.2541 100 1 0 0 0 0 -1 0 1 0 41239.dat
1 0 0 -242.2542 90 0 0 -1 0 1 0 1 0 0 2780.dat
1 0 0 -202.2542 90 0 0 -1 0 1 0 1 0 0 2780.dat
1 71 0 -222.2542 120 -1 0 0 0 -1 0 0 0 1 55615.dat
1 1 0 -232.2542 140 0 1 0 -1 0 0 0 0 1 43093.dat
1 1 0 -242.2542 160 1 0 0 0 1 0 0 0 1 32316.dat
1 72 0 -232.2542 200 0 -1 0 1 0 0 0 0 1 89678.dat
1 1 0 -322.2541 80.0001 1 0 0 0 0 -1 0 1 0 41239.dat
1 0 0 -422.2541 90.0001 0 0 -1 0 1 0 1 0 0 2780.dat
1 72 0 -442.2541 100.0001 -1 0 0 0 0 1 0 1 0 60483.dat
1 14 0 -442.2541 80.0001 0 0 -1 0 1 0 1 0 0 4519.dat
1 14 0 -442.257 50.0001 1 0 0 0 1 0 0 0 1 59443.dat
1 14 0 -442.2541 -21.0999 0 0 -1 0 1 0 1 0 0 44294.dat
1 14 0 -442.2542 -102.3899 0 1 0 1 0 0 0 0 -1 32013.dat
1 0 0 -452.2542 -102.3899 0 -1 0 1 0 0 0 0 1 6628.dat
1 71 0 -37.1017 -112.7793 0 0.707105 -0.707101 0.258817 0.683012 0.683013 0.965927 -0.183011 -0.183011 32073.dat
1 71 0 -52.6307 -170.7347 0.707101 0.707105 0 -0.683013 0.683012 0.258817 0.183011 -0.183011 0.965927 26287.dat
1 71 0 -83.6888 -286.6459 0 0.707105 -0.707101 0.258817 0.683012 0.683013 0.965927 -0.183011 -0.183011 23948.dat
1 71 -14.142 -49.3232 -213.032 0 0.707105 -0.707101 0.258817 0.683012 0.683013 0.965927 -0.183011 -0.183011 32039.dat
1 71 -14.1421 -81.82 -225.0301 0 -0.707101 -0.707105 0.258817 0.683013 -0.683011 0.965927 -0.183011 0.183011 32039.dat
1 71 14.142 -86.9964 -244.3486 0 -0.707105 0.707101 0.258817 -0.683012 -0.683013 0.965927 0.183011 0.183012 32039.dat
1 71 14.142 -64.8522 -270.9876 0 0.707101 0.707105 0.258817 -0.683013 0.683012 0.965927 0.183011 -0.183011 32039.dat
1 71 -14.142 -70.0285 -290.3062 0 0.707105 -0.707101 0.258817 0.683012 0.683014 0.965927 -0.183011 -0.183011 32039.dat
1 71 -14.1421 -102.5254 -302.3044 0 -0.707101 -0.707105 0.258817 0.683013 -0.683012 0.965927 -0.183011 0.183011 32039.dat
1 71 14.142 -107.7017 -321.6229 0 -0.707105 0.707101 0.258817 -0.683012 -0.683013 0.965927 0.183011 0.183012 32039.dat
1 71 14.142 -85.5576 -348.2616 0 0.707101 0.707105 0.258817 -0.683013 0.683012 0.965927 0.183011 -0.183011 32039.dat
1 0 -0.0001 -119.9232 -421.8758 0.707101 0.707105 0 -0.683013 0.683012 0.258817 0.183011 -0.183011 0.965927 79851.dat
1 71 0 -109.5705 -383.2387 0.707101 0.707105 0 -0.683013 0.683012 0.258817 0.183011 -0.183011 0.965927 3713.dat
1 19 35.355 -107.4867 -238.8582 -0.707101 0.707105 0 0.683013 0.683012 -0.258817 -0.183011 -0.183011 -0.965927 99008.dat
1 19 35.355 -128.1922 -316.1324 -0.707101 0.707105 0 0.683013 0.683012 -0.258817 -0.183011 -0.183011 -0.965927 99008.dat
1 19 -35.3553 -123.0157 -296.814 0.707105 0.707101 0 0.683012 -0.683013 -0.258817 -0.183011 0.183011 -0.965927 99008.dat
1 19 -35.3552 -102.3104 -219.5398 0.707105 0.707101 0 0.683012 -0.683013 -0.258817 -0.183011 0.183011 -0.965927 99008.dat
1 19 -35.355 -28.8328 -218.5226 0.707101 -0.707105 0 -0.683013 -0.683012 -0.258817 0.183011 0.183011 -0.965927 99008.dat
1 19 -35.355 -49.5381 -295.7965 0.707101 -0.707105 0 -0.683013 -0.683012 -0.258817 0.183011 0.183011 -0.965927 99008.dat
1 19 35.3551 -44.362 -276.4779 -0.707105 -0.707101 0 -0.683012 0.683013 -0.258817 0.183011 -0.183011 -0.965927 99008.dat
1 19 35.3552 -65.0674 -353.7519 -0.707105 -0.707101 0 -0.683012 0.683013 -0.258817 0.183011 -0.183011 -0.965927 99008.dat
1 28 42.426 -114.3169 -237.0283 0 0.707105 -0.707101 0.258817 0.683012 0.683014 0.965927 -0.183011 -0.183011 24122.dat
1 28 42.4259 -135.0223 -314.3025 0 0.707105 -0.707101 0.258817 0.683012 0.683014 0.965927 -0.183011 -0.183011 24122.dat
1 28 -42.426 -42.7079 -297.6266 0 0.707105 -0.707101 0.258817 0.683012 0.683014 0.965927 -0.183011 -0.183011 24122.dat
1 28 -42.426 -22.0026 -220.3526 0 0.707105 -0.707101 0.258817 0.683012 0.683014 0.965927 -0.183011 -0.183011 24122.dat
1 28 -42.4263 -109.1404 -217.7095 0 -0.707101 -0.707105 0.258817 0.683013 -0.683012 0.965927 -0.183011 0.183011 24122.dat
1 28 -42.4263 -129.8457 -294.9838 0 -0.707101 -0.707106 0.258817 0.683013 -0.683012 0.965927 -0.183011 0.183011 24122.dat
1 28 42.4262 -37.5318 -278.308 0 -0.707101 -0.707106 0.258817 0.683013 -0.683012 0.965927 -0.183011 0.183011 24122.dat
1 28 42.4262 -58.2372 -355.5819 0 -0.707101 -0.707106 0.258817 0.683013 -0.683012 0.965927 -0.183011 0.183011 24122.dat
1 323 -42.4263 -105.517 -204.1866 0.707105 0 -0.707101 0.683012 -0.258817 0.683013 -0.183011 -0.965927 -0.183011 68211.dat
1 323 42.4262 -54.6138 -342.059 0.707105 0 -0.707101 0.683012 -0.258817 0.683013 -0.183011 -0.965927 -0.183011 68211.dat
1 85 -42.4263 -124.6695 -275.6654 0.707105 0 -0.707101 0.683012 -0.258817 0.683013 -0.183011 -0.965927 -0.183012 19119.dat
1 85 42.4262 -32.3555 -258.9896 0.707105 0 -0.707101 0.683012 -0.258817 0.683013 -0.183011 -0.965927 -0.183012 19119.dat
1 30 42.4262 -98.8493 -179.3015 0.707107 0 -0.707107 0.683013 -0.258817 0.683013 -0.183011 -0.965927 -0.183011 33172.dat
1 30 -42.426 -6.5349 -162.6259 0.707105 0 -0.707101 0.683012 -0.258817 0.683013 -0.183011 -0.965927 -0.183011 33172.dat
1 72 180.0002 -2.2536 -0.0005 0 0 1 0.999996 0 0 0 0.999996 0 32524.dat
1 1 140.0001 -2.2536 -0.0001 0 0 -1 0 1 0 1 0 0 6558.dat
1 72 140 -22.2536 20 1 0 0 0 0 -1 0 1 0 39793.dat
1 0 110.0001 -2.2536 20 1 0 0 0 1 0 0 0 1 2780.dat
1 1 160 -22.2536 -0.0001 0 0 -1 0 1 0 1 0 0 6558.dat
1 1 140 -22.2536 -0.0001 0 0 -1 0 1 0 1 0 0 6558.dat
1 1 120 -22.2536 20 0 0 -1 0 1 0 1 0 0 6558.dat
1 72 120 -102.2537 -0.0001 1 0 0 0 0 1 0 -1 0 32526.dat
1 19 120 -102.2537 -0.0001 0 0 -1 0 1 0 1 0 0 32556.dat
1 71 180.0002 -2.2536 -0.0001 0 0 -1 0 1 0 1 0 0 32073.dat
1 72 180.0002 -2.2536 20.0001 -1 0 0 0 1 0 0 0 -1 3713.dat
1 72 180.0002 -2.2536 -20.0001 -1 0 0 0 1 0 0 0 -1 3713.dat
1 72 180.0002 -2.2536 40 0 0 -1 -1 0 0 0 1 0 32140.dat
1 72 140 -22.2536 -20.0001 1 0 0 0 0 -1 0 1 0 39793.dat
1 0 110 -2.2536 -20.0001 1 0 0 0 1 0 0 0 1 2780.dat
1 0 120 -22.2536 -30.0002 0 0 -1 0 1 0 1 0 0 2780.dat
1 72 180.0002 -2.2536 -40.0002 0 0 -1 -1 0 0 0 1 0 32140.dat
1 1 200.0003 -2.2536 0 0 0 -1 0 1 0 1 0 0 6558.dat
1 1 220.0004 -2.2536 0 0 0 -1 0 1 0 1 0 0 6558.dat
1 71 220.0004 -2.2536 -20.0001 0 -1 0 -1 0 0 0 0 -1 42003.dat
1 71 220.0004 -2.2536 20.0001 0 -1 0 -1 0 0 0 0 -1 42003.dat
1 1 240.0001 -12.2536 -20 0 0 1 0.999996 0 0 0 0.999996 0 43093.dat
1 1 240.0002 -12.2536 20.0001 0 0 1 0.999996 0 0 -0.000001 0.999996 0 43093.dat
1 72 240.0001 -42.2535 0.0001 0 -1 0 -0.999996 0 0 0 0 -0.999996 39793.dat
1 0 240.0001 -72.2534 -19.9998 0 -1 0 -0.999996 0 0 0.000001 0 -0.999996 2780.dat
1 0 240.0002 -72.2534 20.0001 0 -1 0 -0.999996 0 0 0.000001 0 -0.999996 2780.dat
1 72 240.0001 -82.2533 0.0002 0 0 1 0 0.999996 0 -0.999996 0 0 3167.dat
1 0 220.0004 -92.2533 -19.9998 0 -1 0 -0.999996 0 0 0.000001 0 -0.999996 2780.dat
1 0 220.0004 -92.2533 20.0001 0 -1 0 -0.999996 0 0 0.000001 0 -0.999996 2780.dat
1 71 220.0004 -112.2532 -19.9998 0 -1 0 -0.999996 0 0 0 0 -0.999996 62462.dat
1 71 220.0004 -112.2532 20.0001 0 -1 0 -0.999996 0 0 0 0 -0.999996 62462.dat
1 0 220.0004 -132.2532 -19.9998 0 -1 0 -0.999996 0 0 0.000001 0 -0.999996 2780.dat
1 0 220.0004 -132.2532 20.0001 0 -1 0 -0.999996 0 0 0.000001 0 -0.999996 2780.dat
1 71 244.7218 -102.3048 -0.0012 -0.000002 0 -1 0.999995 0 -0.000002 0 -0.999995 0 40490.dat
1 19 164.7216 -102.3045 -0.0002 0 -0.894942 -0.446198 0.000001 -0.4462 0.894932 -1.000004 0 0 32556.dat
1 15 119.9999 -102.2538 -20.0001 -0.446198 0 0.894942 0.894932 0 0.4462 0 1.000004 0 60484.dat
1 14 324.7217 -102.3042 -0.0002 0 0.000002 -1 0 -1.000004 -0.000002 -1.000004 0 0 4519.dat
1 14 324.7217 -102.3014 -30.0003 -1.000001 0.000002 0 -0.000002 -1.000004 0 -0.000001 0 1.000004 59443.dat
1 14 324.7217 -102.3013 30 -1.000001 0.000002 -0.000001 -0.000002 -1.000004 0 -0.000001 0 1.000004 59443.dat
1 4 324.7217 -102.3042 -50.0004 0 0.000002 -1 0 -1.000004 -0.000002 -1.000004 0 0 32062.dat
1 4 324.7217 -102.3042 50.0001 0 0.000002 -1 0 -1.000004 -0.000002 -1.000004 0 0 32062.dat
1 14 324.7216 -102.3014 70.0003 -1.000001 0.000002 -0.000001 -0.000002 -1.000004 0 -0.000001 0 1.000004 59443.dat
1 14 324.7218 -102.3014 -70.0009 -1.000001 0.000002 -0.000001 -0.000002 -1.000004 0 -0.000001 0 1.000004 59443.dat
1 15 120 -102.2537 20 -0.446198 0 0.894935 0.894932 0 0.446196 0 0.999996 0 60484.dat
1 72 220.0004 -142.2532 0.0002 1 0 0 0 -0.999996 0 0 0 -0.999996 32523.dat
1 1 146.8734 -66.5073 29.9999 0 0 -1 0 0.999996 0 0.999996 0 0 43093.dat
1 15 146.8734 -66.5073 59.9999 0 -1 0 -0.999996 0 0 0 0 -0.999996 32034.dat
1 4 146.8734 -66.5073 89.9998 0 0 -1 0 -0.999996 0 -0.999996 0 0 32062.dat
1 15 146.8734 -66.5073 119.9997 0 -1 0 0.999997 0 0 -0.000001 0 0.999996 32013.dat
1 72 146.8735 -56.5074 59.9999 0 0 -1 0.999997 0 0 0 -0.999996 0 89678.dat
1 72 146.8734 -56.5074 119.9997 0 0 -1 0.999996 0 0 0 -0.999996 0 89678.dat
1 191 146.8735 -76.8224 59.9999 -1 0 0 0 -0.999997 0 0 0 0.999996 33183.dat
1 320 146.8734 -52.5074 119.9997 0 0 -1 0 -0.999996 0 -0.999996 0 0 19119.dat
1 25 132.4349 -24.7748 111.5463 -0.895509 0.440907 -0.060543 -0.440905 -0.860427 0.255461 0.060542 0.255461 0.964918 24866.dat
1 1 146.8737 -66.5071 -30 0 0 1 0 0.999996 0 -0.999996 0 0 43093.dat
1 15 146.8737 -66.5071 -59.9999 0 1 0 -0.999996 0 0 0 0 0.999996 32034.dat
1 4 146.8737 -66.5071 -89.9998 0 0 -1 0 -0.999996 0 -0.999996 0 0 32062.dat
1 15 146.8737 -66.5071 -119.9997 0 1 0 0.999996 0 0 0 0 -0.999996 32013.dat
1 72 146.8737 -56.5072 -59.9999 0 0 -1 0.999996 0 0 0 -0.999996 0 89678.dat
1 72 146.8737 -56.5072 -119.9996 0 0 -1 0.999996 0 0 0 -0.999996 0 89678.dat
1 5 146.8906 -56.5072 -59.9999 0 0 1 0 -0.999996 0 0.999996 0 0 32606.dat
1 70 146.8737 -36.5073 -119.9996 0 0 1 0 -0.999996 0 0.999996 0 0 24855.dat
1 70 146.8737 -41.5073 -119.9997 0 0 -1 0 -0.999996 0 -0.999996 0 0 68211.dat
1 0 32.0625 -239.8602 179.9688 0 0 -1.000005 0 0.999999 0 1.000004 0 0 3815c01.dat
0 !LEOCAD PIECE PIVOT  0 -0.5222 0 1 0 0 0 1 0 0 0 1
1 0 32.0715 -299.1524 179.9688 0 0 -1 0 1 0 1 0 0 30124b.dat
1 43 31.3725 -291.1034 179.9388 0 0 -1 0 1 0 1 0 0 30090b.dat
1 25 33.0625 -199.8603 189.9688 -0.173649 0 -0.984812 0 0.999999 0 0.984812 0 -0.173649 2599.dat
1 25 33.0625 -199.8603 169.9687 0.173649 0 -0.984812 0 0.999999 0 0.984812 0 0.173649 2599.dat
1 85 65.686 -270.0799 159.6077 -0.659154 -0.263302 0.704406 -0.251191 0.95999 0.123782 -0.708815 -0.095349 -0.69892 19119.dat
1 0 0 -342.5341 180 -0.000001 1.000005 0 0 0 0.999999 1.000005 0 0 79851.dat
1 0 -10 -262.3242 180 -0.000001 1.000005 0 0 0 0.999999 1.000005 0 0 32064c.dat
1 70 0 -264.5342 180 0 1.000004 -0.000001 -0.999999 0 0 0 0 1.000004 24316.dat
1 0 32.0625 -271.8603 179.9688 0 0 -1 0 1 0 1 0 0 973.dat
1 0 32.0624 -262.9847 195.4406 0 0 -1 -0.170671 0.985328 0 0.985328 0.170671 0 3819.dat
1 0 32.0625 -262.9531 164.3941 0 0.7071 -0.707114 0.169703 0.696857 0.696843 0.985495 -0.12 -0.119997 3818.dat
1 0 42.0625 -245.1167 203.61 -0.120682 -0.696732 -0.707107 -0.049255 0.715638 -0.696732 0.991468 -0.049255 -0.120682 3820.dat
1 0 52.215 -257.1814 158.3265 0.000001 -0.00001 -1 0.098837 0.995104 -0.00001 0.995104 -0.098837 0.000002 3820.dat
1 0 31.3725 -272.1948 179.7583 0 0 -1 0 1 0 1 0 0 41811.dat
1 14 31.7046 -297.4447 179.767 0 0 -1 0 1 0 1 0 0 3626cp79.dat
