0 Untitled Model
0 Name:  CoralReef
0 Author:  
0 CustomBrick
0 FlexibleBrickControlPointUnitLength -1
0 NumOfBricks:  100
1 72 -10.000000 -10.002010 -29.999270 1.000000 0.000000 0.000000 0.000000 1.000000 0.000000 0.000000 0.000000 1.000000 39790.dat
1 0 70.000000 -10.002010 120.000800 0.000000 0.000000 -1.000000 0.000000 1.000000 0.000000 1.000000 0.000000 0.000000 2780.dat
1 0 30.000010 -10.002010 120.000700 0.000000 0.000000 -1.000000 0.000000 1.000000 0.000000 1.000000 0.000000 0.000000 2780.dat
1 0 -9.999990 -10.002010 120.000700 0.000000 0.000000 -1.000000 0.000000 1.000000 0.000000 1.000000 0.000000 0.000000 2780.dat
1 0 -50.000000 -10.002020 120.000700 0.000000 0.000000 -1.000000 0.000000 1.000000 0.000000 1.000000 0.000000 0.000000 2780.dat
1 4 90.000000 -20.000000 110.000700 0.000000 -1.000000 0.000000 -1.000000 0.000000 0.000000 0.000000 0.000000 -1.000000 89678.dat
1 4 -70.000010 -20.000000 110.000700 0.000000 -1.000000 0.000000 -1.000000 0.000000 0.000000 0.000000 0.000000 -1.000000 89678.dat
1 0 -120.000000 -10.002010 -149.999300 -1.000000 0.000000 0.000000 0.000000 1.000000 0.000000 0.000000 0.000000 -1.000000 2780.dat
1 0 -120.000000 -10.002010 -109.999300 -1.000000 0.000000 0.000000 0.000000 1.000000 0.000000 0.000000 0.000000 -1.000000 2780.dat
1 2 -9.999990 -90.002000 130.000700 -1.000000 0.000000 0.000000 0.000000 0.000000 1.000000 0.000000 1.000000 0.000000 32526.dat
1 0 -9.999990 -30.002010 120.000800 0.000000 0.000000 -1.000000 0.000000 1.000000 0.000000 1.000000 0.000000 0.000000 2780.dat
1 0 -10.000000 -90.002000 120.000800 0.000000 0.000000 -1.000000 0.000000 1.000000 0.000000 1.000000 0.000000 0.000000 2780.dat
1 2 -10.000000 -110.002000 110.000800 1.000000 0.000000 0.000000 0.000000 0.000000 -1.000000 0.000000 1.000000 0.000000 40490.dat
1 0 -10.000000 -110.002000 120.000800 0.000000 0.000000 -1.000000 0.000000 1.000000 0.000000 1.000000 0.000000 0.000000 2780.dat
1 0 -10.000000 -190.002000 120.000800 0.000000 0.000000 -1.000000 0.000000 1.000000 0.000000 1.000000 0.000000 0.000000 2780.dat
1 2 30.000010 -90.002010 130.000800 1.000000 0.000000 0.000000 0.000000 0.000000 1.000000 0.000000 -1.000000 0.000000 32526.dat
1 0 30.000000 -30.002010 120.000800 0.000000 0.000000 -1.000000 0.000000 1.000000 0.000000 1.000000 0.000000 0.000000 2780.dat
1 0 30.000000 -90.002010 120.000800 0.000000 0.000000 -1.000000 0.000000 1.000000 0.000000 1.000000 0.000000 0.000000 2780.dat
1 2 30.000000 -110.002000 110.000800 1.000000 0.000000 0.000000 0.000000 0.000000 -1.000000 0.000000 1.000000 0.000000 40490.dat
1 0 30.000010 -110.002000 120.000800 0.000000 0.000000 -1.000000 0.000000 1.000000 0.000000 1.000000 0.000000 0.000000 2780.dat
1 0 30.000010 -190.002000 120.000900 0.000000 0.000000 -1.000000 0.000000 1.000000 0.000000 1.000000 0.000000 0.000000 2780.dat
1 2 -10.000000 -190.002000 130.000800 1.000000 0.000000 0.000000 0.000000 0.000000 -1.000000 0.000000 1.000000 0.000000 40490.dat
1 2 30.000010 -190.002000 130.000900 1.000000 0.000000 0.000000 0.000000 0.000000 -1.000000 0.000000 1.000000 0.000000 40490.dat
1 0 -10.000000 -210.002000 120.000800 0.000000 0.000000 -1.000000 0.000000 1.000000 0.000000 1.000000 0.000000 0.000000 2780.dat
1 0 -10.000000 -270.002000 120.000800 0.000000 0.000000 -1.000000 0.000000 1.000000 0.000000 1.000000 0.000000 0.000000 2780.dat
1 0 30.000000 -210.002000 120.000900 0.000000 0.000000 -1.000000 0.000000 1.000000 0.000000 1.000000 0.000000 0.000000 2780.dat
1 0 30.000000 -270.002000 120.000900 0.000000 0.000000 -1.000000 0.000000 1.000000 0.000000 1.000000 0.000000 0.000000 2780.dat
1 2 -10.000010 -290.002000 110.000800 1.000000 0.000000 0.000000 0.000000 0.000000 -1.000000 0.000000 1.000000 0.000000 40490.dat
1 2 29.999980 -290.002000 110.000900 1.000000 0.000000 0.000000 0.000000 0.000000 -1.000000 0.000000 1.000000 0.000000 40490.dat
1 0 -10.000020 -350.002000 100.000900 0.000000 0.000000 -1.000000 0.000000 1.000000 0.000000 1.000000 0.000000 0.000000 2780.dat
1 0 29.999980 -350.002000 100.000900 0.000000 0.000000 -1.000000 0.000000 1.000000 0.000000 1.000000 0.000000 0.000000 2780.dat
1 2 9.999969 -350.002000 90.000850 0.000000 0.000000 1.000000 1.000000 0.000000 0.000000 0.000000 1.000000 0.000000 32523.dat
1 0 9.999980 -350.002000 100.000900 0.000000 0.000000 -1.000000 0.000000 1.000000 0.000000 1.000000 0.000000 0.000000 2780.dat
1 2 9.999980 -370.002000 110.000800 -1.000000 0.000000 0.000000 0.000000 0.000000 1.000000 0.000000 1.000000 0.000000 60483.dat
1 4 -10.000010 -370.002000 110.000900 0.000000 0.000000 -1.000000 0.000000 1.000000 0.000000 1.000000 0.000000 0.000000 11214.dat
1 4 29.999980 -370.002000 110.000900 0.000000 0.000000 -1.000000 0.000000 1.000000 0.000000 1.000000 0.000000 0.000000 11214.dat
1 2 9.999980 -370.002000 90.000870 0.000000 0.000000 1.000000 1.000000 0.000000 0.000000 0.000000 1.000000 0.000000 32523.dat
1 71 9.999990 -370.002000 130.000900 0.000000 1.000000 0.000000 0.000000 0.000000 -1.000000 -1.000000 0.000000 0.000000 32184.dat
1 10 -70.000000 -64.000000 110.000700 1.000000 0.000000 0.000000 0.000000 -1.000000 0.000000 0.000000 0.000000 -1.000000 1747.dat
1 10 -69.999980 -104.000000 110.000700 -0.000001 0.000000 -1.000000 0.000000 -1.000000 0.000000 -1.000000 0.000000 0.000001 1747.dat
1 10 -69.999980 -144.000000 110.000700 1.000000 0.000000 0.000000 0.000000 -1.000000 0.000000 0.000000 0.000000 -1.000000 1747.dat
1 10 90.000010 -64.000000 110.000700 1.000000 0.000000 0.000000 0.000000 -1.000000 0.000000 0.000000 0.000000 -1.000000 1747.dat
1 10 90.000020 -104.000000 110.000700 -0.000001 0.000000 -1.000000 0.000000 -1.000000 0.000000 -1.000000 0.000000 0.000001 1747.dat
1 1 -90.000010 -10.002010 -29.999290 1.000000 0.000000 0.000000 0.000000 1.000000 0.000000 0.000000 0.000000 1.000000 6558.dat
1 1 -90.000030 -10.002010 10.000710 1.000000 0.000000 0.000000 0.000000 1.000000 0.000000 0.000000 0.000000 1.000000 6558.dat
1 1 70.000010 -10.002010 -29.999260 -1.000000 0.000000 0.000000 0.000000 1.000000 0.000000 0.000000 0.000000 -1.000000 6558.dat
1 1 70.000010 -10.002010 10.000750 1.000000 0.000000 0.000000 0.000000 1.000000 0.000000 0.000000 0.000000 1.000000 6558.dat
1 72 -90.000020 -10.002010 -9.999290 0.000000 -1.000000 0.000000 1.000000 0.000000 0.000000 0.000000 0.000000 1.000000 32523.dat
1 72 70.000010 -10.002010 -9.999249 0.000000 -1.000000 0.000000 1.000000 0.000000 0.000000 0.000000 0.000000 1.000000 32523.dat
1 72 -70.000040 -90.002010 -29.999270 0.000000 1.000000 0.000000 0.000000 -0.000001 1.000000 1.000000 0.000000 0.000000 32526.dat
1 72 49.999970 -90.002000 -29.999240 0.000000 1.000000 0.000000 0.000000 0.000000 1.000000 1.000000 0.000000 0.000000 32526.dat
1 19 49.999970 -90.002010 -29.999240 1.000000 0.000000 0.000000 0.000000 1.000000 0.000000 0.000000 0.000000 1.000000 32556.dat
1 19 -70.000040 -90.001990 -29.999260 -1.000000 0.000000 0.000000 0.000000 1.000000 0.000000 0.000000 0.000000 -1.000000 32556.dat
1 72 -50.000040 -90.001990 -29.999270 0.000000 1.000000 0.000000 -1.000000 0.000000 0.000000 0.000000 0.000000 1.000000 18654.dat
1 72 29.999970 -90.002010 -29.999240 0.000000 1.000000 0.000000 -1.000000 0.000000 0.000000 0.000000 0.000000 1.000000 18654.dat
1 72 -90.000060 -75.859820 -44.141420 0.000000 1.000000 0.000000 0.707107 0.000000 0.707107 0.707107 0.000000 -0.707107 73507.dat
1 0 -80.000050 -146.570500 26.569320 -1.000000 0.000000 0.000000 0.000000 0.707107 0.707107 0.000000 0.707107 -0.707107 2780.dat
1 14 -80.000060 -5.165840 -114.851200 1.000000 0.000000 0.000000 0.000000 0.707107 -0.707107 0.000000 0.707107 0.707107 3673.dat
1 19 -90.000050 -118.286200 -1.715010 1.000000 0.000000 0.000000 0.000000 0.707107 -0.707107 0.000000 0.707107 0.707107 32556.dat
1 14 -10.000050 -132.428600 12.426960 1.000000 0.000000 0.000000 0.000000 0.707107 -0.707107 0.000000 0.707107 0.707107 71709.dat
1 0 59.999980 -146.570500 26.569330 -1.000000 0.000000 0.000000 0.000000 0.707107 0.707107 0.000000 0.707107 -0.707107 2780.dat
1 0 59.999970 -118.286200 -1.715000 -1.000000 0.000000 0.000000 0.000000 0.707107 0.707107 0.000000 0.707107 -0.707107 2780.dat
1 72 -70.000060 -3.920590 -114.922700 0.000000 1.000000 0.000000 0.410876 0.000000 -0.911693 -0.911693 0.000000 -0.410876 60484.dat
1 71 -50.000060 -41.415140 -131.762100 0.000000 0.000000 -1.000000 0.906235 0.422777 0.000000 0.422777 -0.906235 0.000001 48989.dat
1 72 -10.000080 -41.415420 -131.762400 1.000000 0.000000 0.000000 0.000000 -0.906235 0.422777 0.000000 -0.422776 -0.906235 39793.dat
1 71 29.999900 -41.415310 -131.762400 0.000000 0.000000 -1.000000 0.906235 0.422777 0.000000 0.422777 -0.906235 0.000001 48989.dat
1 4 -50.000040 -40.808580 -109.409800 0.000000 -1.000000 0.000000 0.906235 0.000000 -0.422777 0.422776 0.000000 0.906235 89678.dat
1 4 -10.000060 -32.352970 -127.534500 0.000000 -1.000000 0.000000 0.906235 0.000000 -0.422777 0.422776 0.000000 0.906235 89678.dat
1 4 -10.000050 -40.808520 -109.409800 0.000000 -1.000000 0.000000 0.906235 0.000000 -0.422777 0.422776 0.000000 0.906235 89678.dat
1 4 9.999909 -32.353040 -127.534400 0.000000 -1.000000 0.000000 0.906235 0.000000 -0.422777 0.422776 0.000000 0.906235 89678.dat
1 4 29.999930 -40.808530 -109.409800 0.000000 -1.000000 0.000000 0.906235 0.000000 -0.422777 0.422776 0.000000 0.906235 89678.dat
1 72 49.999960 -5.165940 -114.851300 0.000000 1.000000 0.000000 0.422777 0.000000 -0.906235 -0.906235 0.000000 -0.422777 60484.dat
1 14 59.999960 -5.165940 -114.851200 1.000000 0.000000 0.000000 0.000000 0.707107 -0.707107 0.000000 0.707107 0.707107 3673.dat
1 191 -50.000030 -40.801360 -109.425100 1.000000 0.000000 0.000000 0.000000 -0.906235 0.422777 0.000000 -0.422776 -0.906235 32606.dat
1 191 9.999909 -32.345840 -127.549700 1.000000 0.000000 0.000000 0.000000 -0.906235 0.422777 0.000000 -0.422776 -0.906235 32606.dat
1 5 -10.000050 -40.801290 -109.425000 1.000000 0.000000 0.000000 0.000000 -0.906235 0.422777 0.000000 -0.422776 -0.906235 32606.dat
1 320 -10.000050 -23.290590 -123.306700 0.500000 0.000000 -0.866025 0.366136 -0.906236 0.211389 -0.784821 -0.422777 -0.453118 19119.dat
1 10 29.997700 -54.842860 -115.965300 0.500001 0.000000 0.866025 -0.366135 -0.906235 0.211389 0.784822 -0.422776 -0.453118 37695.dat
1 72 69.999970 -75.859920 -44.141420 0.000000 1.000000 0.000000 0.707107 0.000000 0.707107 0.707107 0.000000 -0.707107 73507.dat
1 0 -90.000050 -82.930920 -51.212540 0.000000 0.000000 -1.000000 0.707107 0.707107 0.000000 0.707107 -0.707107 0.000000 2780.dat
1 0 69.999940 -82.930950 -51.212460 0.000000 0.000000 -1.000000 0.707107 0.707107 0.000000 0.707107 -0.707107 0.000000 2780.dat
1 2 -10.000070 -90.002010 -58.283520 0.000000 0.000000 -1.000000 0.707107 -0.707107 0.000000 -0.707107 -0.707107 0.000000 40490.dat
1 72 -110.000000 -98.723240 2.443220 0.000000 -1.000000 -0.000002 -0.207911 0.000002 -0.978148 0.978148 0.000000 -0.207911 32523.dat
1 14 -120.000000 -79.160260 6.601460 1.000000 0.000000 -0.000001 -0.000001 -0.207912 -0.978148 0.000000 0.978148 -0.207912 3673.dat
1 72 -130.000000 -10.002010 -149.999200 0.000000 1.000000 0.000000 -1.000000 0.000000 0.000000 0.000000 0.000000 1.000000 32524.dat
1 0 -120.000000 -10.002010 -189.999300 -1.000000 0.000000 0.000000 0.000000 1.000000 0.000000 0.000000 0.000000 -1.000000 2780.dat
1 19 -110.000000 -10.002010 -209.999200 1.000000 0.000000 0.000000 0.000000 1.000000 0.000000 0.000000 0.000000 1.000000 32556.dat
1 72 -110.000000 -10.002010 -199.999200 0.000000 1.000000 0.000000 -1.000000 0.000000 0.000000 0.000000 0.000000 1.000000 43857.dat
1 72 -90.000010 -10.002010 -209.999200 0.000000 -1.000000 0.000000 0.782608 0.000000 -0.622515 0.622515 0.000000 0.782608 32526.dat
1 72 -99.999980 -34.902540 -178.694900 1.000000 0.000000 0.000000 0.000000 0.622514 0.782608 0.000000 -0.782608 0.622514 80477.dat
1 14 -100.000000 -28.498760 -122.489900 1.000000 0.000000 0.000000 0.000000 0.622515 0.782608 0.000000 -0.782608 0.622515 3673.dat
1 72 -110.000000 -28.498790 -112.489900 0.000000 1.000000 0.000000 -0.999999 0.000000 -0.000005 -0.000006 0.000000 0.999999 43857.dat
1 14 -120.000000 -28.498900 -102.490000 1.000000 0.000000 0.000000 0.000000 0.999999 -0.000006 0.000000 0.000006 0.999999 3673.dat
1 72 -130.000100 -54.187420 -48.267240 0.000000 1.000000 0.000000 -0.903708 0.000000 -0.428145 -0.428146 0.000000 0.903709 32524.dat
1 0 100.000000 -10.002010 -149.999300 -1.000000 0.000000 0.000000 0.000000 1.000000 0.000000 0.000000 0.000000 -1.000000 2780.dat
1 0 100.000000 -10.002010 -69.999260 -1.000000 0.000000 0.000000 0.000000 1.000000 0.000000 0.000000 0.000000 -1.000000 2780.dat
1 72 110.000000 -10.002010 -109.999300 0.000000 1.000000 0.000000 -1.000000 0.000000 0.000000 0.000000 0.000000 1.000000 32524.dat
1 14 10.000010 -370.002000 10.000870 0.000000 0.000000 -1.000000 0.000000 1.000000 0.000000 1.000000 0.000000 0.000000 23948.dat
1 14 10.000000 -370.002000 -109.999100 0.000000 -1.000000 0.000000 -1.000000 0.000000 0.000000 0.000000 0.000000 -1.000000 32013.dat
1 0 10.000010 -380.002000 -109.999100 0.000000 -1.000000 0.000000 1.000000 0.000000 0.000000 0.000000 0.000000 1.000000 6628.dat
