0 Untitled Model
0 Name:  CoralReef
0 Author:  
0 CustomBrick
0 FlexibleBrickControlPointUnitLength -1
0 NumOfBricks:  100
1 72 -10.000000 -10.002010 -29.999270 1.000000 0.000000 0.000000 0.000000 1.000000 0.000000 0.000000 0.000000 1.000000 39790.dat
1 0 70.000000 -10.002010 120.000800 0.000000 0.000000 -1.000000 0.000000 1.000000 0.000000 1.000000 0.000000 0.000000 2780.dat
1 0 30.000010 -10.002010 120.000700 0.000000 0.000000 -1.000000 0.000000 1.000000 0.000000 1.000000 0.000000 0.000000 2780.dat
1 0 -9.999990 -10.002010 120.000700 0.000000 0.000000 -1.000000 0.000000 1.000000 0.000000 1.000000 0.000000 0.000000 2780.dat
1 0 -50.000000 -10.002020 120.000700 0.000000 0.000000 -1.000000 0.000000 1.000000 0.000000 1.000000 0.000000 0.000000 2780.dat
1 4 90.000000 -20.000000 110.000700 0.000000 -1.000000 0.000000 -1.000000 0.000000 0.000000 0.000000 0.000000 -1.000000 89678.dat
1 4 -70.000010 -20.000000 110.000700 0.000000 -1.000000 0.000000 -1.000000 0.000000 0.000000 0.000000 0.000000 -1.000000 89678.dat
1 0 -120.000000 -10.002010 -149.999300 -1.000000 0.000000 0.000000 0.000000 1.000000 0.000000 0.000000 0.000000 -1.000000 2780.dat
1 0 -120.000000 -10.002010 -109.999300 -1.000000 0.000000 0.000000 0.000000 1.000000 0.000000 0.000000 0.000000 -1.000000 2780.dat
1 2 -9.999990 -90.002000 130.000700 -1.000000 0.000000 0.000000 0.000000 0.000000 1.000000 0.000000 1.000000 0.000000 32526.dat
1 0 -9.999990 -30.002010 120.000800 0.000000 0.000000 -1.000000 0.000000 1.000000 0.000000 1.000000 0.000000 0.000000 2780.dat
1 0 -10.000000 -90.002000 120.000800 0.000000 0.000000 -1.000000 0.000000 1.000000 0.000000 1.000000 0.000000 0.000000 2780.dat
1 2 -10.000000 -110.002000 110.000800 1.000000 0.000000 0.000000 0.000000 0.000000 -1.000000 0.000000 1.000000 0.000000 40490.dat
1 0 -10.000000 -110.002000 120.000800 0.000000 0.000000 -1.000000 0.000000 1.000000 0.000000 1.000000 0.000000 0.000000 2780.dat
1 0 -10.000000 -190.002000 120.000800 0.000000 0.000000 -1.000000 0.000000 1.000000 0.000000 1.000000 0.000000 0.000000 2780.dat
1 2 30.000010 -90.002010 130.000800 1.000000 0.000000 0.000000 0.000000 0.000000 1.000000 0.000000 -1.000000 0.000000 32526.dat
1 0 30.000000 -30.002010 120.000800 0.000000 0.000000 -1.000000 0.000000 1.000000 0.000000 1.000000 0.000000 0.000000 2780.dat
1 0 30.000000 -90.002010 120.000800 0.000000 0.000000 -1.000000 0.000000 1.000000 0.000000 1.000000 0.000000 0.000000 2780.dat
1 2 30.000000 -110.002000 110.000800 1.000000 0.000000 0.000000 0.000000 0.000000 -1.000000 0.000000 1.000000 0.000000 40490.dat
1 0 30.000010 -110.002000 120.000800 0.000000 0.000000 -1.000000 0.000000 1.000000 0.000000 1.000000 0.000000 0.000000 2780.dat
1 0 30.000010 -190.002000 120.000900 0.000000 0.000000 -1.000000 0.000000 1.000000 0.000000 1.000000 0.000000 0.000000 2780.dat
1 2 -10.000000 -190.002000 130.000800 1.000000 0.000000 0.000000 0.000000 0.000000 -1.000000 0.000000 1.000000 0.000000 40490.dat
1 2 30.000010 -190.002000 130.000900 1.000000 0.000000 0.000000 0.000000 0.000000 -1.000000 0.000000 1.000000 0.000000 40490.dat
1 0 -10.000000 -210.002000 120.000800 0.000000 0.000000 -1.000000 0.000000 1.000000 0.000000 1.000000 0.000000 0.000000 2780.dat
1 0 -10.000000 -270.002000 120.000800 0.000000 0.000000 -1.000000 0.000000 1.000000 0.000000 1.000000 0.000000 0.000000 2780.dat
1 0 30.000000 -210.002000 120.000900 0.000000 0.000000 -1.000000 0.000000 1.000000 0.000000 1.000000 0.000000 0.000000 2780.dat
1 0 30.000000 -270.002000 120.000900 0.000000 0.000000 -1.000000 0.000000 1.000000 0.000000 1.000000 0.000000 0.000000 2780.dat
1 2 -10.000010 -290.002000 110.000800 1.000000 0.000000 0.000000 0.000000 0.000000 -1.000000 0.000000 1.000000 0.000000 40490.dat
1 2 29.999980 -290.002000 110.000900 1.000000 0.000000 0.000000 0.000000 0.000000 -1.000000 0.000000 1.000000 0.000000 40490.dat
1 0 -10.000020 -350.002000 100.000900 0.000000 0.000000 -1.000000 0.000000 1.000000 0.000000 1.000000 0.000000 0.000000 2780.dat
1 0 29.999980 -350.002000 100.000900 0.000000 0.000000 -1.000000 0.000000 1.000000 0.000000 1.000000 0.000000 0.000000 2780.dat
1 2 9.999969 -350.002000 90.000850 0.000000 0.000000 1.000000 1.000000 0.000000 0.000000 0.000000 1.000000 0.000000 32523.dat
1 0 9.999980 -350.002000 100.000900 0.000000 0.000000 -1.000000 0.000000 1.000000 0.000000 1.000000 0.000000 0.000000 2780.dat
1 2 9.999980 -370.002000 110.000800 -1.000000 0.000000 0.000000 0.000000 0.000000 1.000000 0.000000 1.000000 0.000000 60483.dat
1 4 -10.000010 -370.002000 110.000900 0.000000 0.000000 -1.000000 0.000000 1.000000 0.000000 1.000000 0.000000 0.000000 11214.dat
1 4 29.999980 -370.002000 110.000900 0.000000 0.000000 -1.000000 0.000000 1.000000 0.000000 1.000000 0.000000 0.000000 11214.dat
1 2 9.999980 -370.002000 90.000870 0.000000 0.000000 1.000000 1.000000 0.000000 0.000000 0.000000 1.000000 0.000000 32523.dat
1 71 9.999990 -370.002000 130.000900 0.000000 1.000000 0.000000 0.000000 0.000000 -1.000000 -1.000000 0.000000 0.000000 32184.dat
1 10 -70.000000 -64.000000 110.000700 1.000000 0.000000 0.000000 0.000000 -1.000000 0.000000 0.000000 0.000000 -1.000000 1747.dat
1 10 -69.999980 -104.000000 110.000700 -0.000001 0.000000 -1.000000 0.000000 -1.000000 0.000000 -1.000000 0.000000 0.000001 1747.dat
1 10 -69.999980 -144.000000 110.000700 1.000000 0.000000 0.000000 0.000000 -1.000000 0.000000 0.000000 0.000000 -1.000000 1747.dat
1 10 90.000010 -64.000000 110.000700 1.000000 0.000000 0.000000 0.000000 -1.000000 0.000000 0.000000 0.000000 -1.000000 1747.dat
1 10 90.000030 -104.000000 110.000700 -0.000001 0.000000 -1.000000 0.000000 -1.000000 0.000000 -1.000000 0.000000 0.000001 1747.dat
1 1 -90.000010 -10.002010 -29.999290 1.000000 0.000000 0.000000 0.000000 1.000000 0.000000 0.000000 0.000000 1.000000 6558.dat
1 1 -90.000030 -10.002010 10.000710 1.000000 0.000000 0.000000 0.000000 1.000000 0.000000 0.000000 0.000000 1.000000 6558.dat
1 1 70.000010 -10.002010 -29.999260 -1.000000 0.000000 0.000000 0.000000 1.000000 0.000000 0.000000 0.000000 -1.000000 6558.dat
1 1 70.000010 -10.002010 10.000750 1.000000 0.000000 0.000000 0.000000 1.000000 0.000000 0.000000 0.000000 1.000000 6558.dat
1 72 -90.000030 -10.002010 -9.999290 0.000000 -1.000000 0.000000 1.000000 0.000000 0.000000 0.000000 0.000000 1.000000 32523.dat
1 72 70.000010 -10.002010 -9.999249 0.000000 -1.000000 0.000000 1.000000 0.000000 0.000000 0.000000 0.000000 1.000000 32523.dat
1 72 -70.000040 -90.002010 -29.999270 0.000000 1.000000 0.000000 0.000000 -0.000001 1.000000 1.000000 0.000000 0.000000 32526.dat
1 72 49.999970 -90.002000 -29.999240 0.000000 1.000000 0.000000 0.000000 0.000000 1.000000 1.000000 0.000000 0.000000 32526.dat
1 19 49.999970 -90.002010 -29.999240 1.000000 0.000000 0.000000 0.000000 1.000000 0.000000 0.000000 0.000000 1.000000 32556.dat
1 19 -70.000040 -90.001990 -29.999260 -1.000000 0.000000 0.000000 0.000000 1.000000 0.000000 0.000000 0.000000 -1.000000 32556.dat
1 72 -50.000040 -90.001990 -29.999270 0.000000 1.000000 0.000000 -1.000000 0.000000 0.000000 0.000000 0.000000 1.000000 18654.dat
1 72 29.999970 -90.002010 -29.999240 0.000000 1.000000 0.000000 -1.000000 0.000000 0.000000 0.000000 0.000000 1.000000 18654.dat
1 72 -90.000100 -78.530700 -46.382280 -0.000001 1.000000 -0.000001 0.819152 0.000002 0.573576 0.573576 0.000000 -0.819153 73507.dat
1 0 -80.000010 -135.888300 35.533010 -1.000000 -0.000001 -0.000001 -0.000002 0.819152 0.573576 0.000000 0.573576 -0.819153 2780.dat
1 14 -80.000220 -21.189340 -128.293700 1.000000 -0.000001 0.000001 0.000002 0.819152 -0.573576 0.000000 0.573576 0.819153 3673.dat
1 19 -90.000010 -112.945200 2.766850 1.000000 -0.000001 0.000001 0.000002 0.819152 -0.573576 0.000000 0.573576 0.819153 32556.dat
1 14 -9.999969 -124.416900 19.149730 1.000000 -0.000001 0.000001 0.000002 0.819152 -0.573576 0.000000 0.573576 0.819153 71709.dat
1 0 60.000080 -135.888000 35.533010 -1.000000 -0.000001 -0.000001 -0.000002 0.819152 0.573576 0.000000 0.573576 -0.819153 2780.dat
1 0 60.000020 -112.945000 2.766840 -1.000000 -0.000001 -0.000001 -0.000002 0.819152 0.573576 0.000000 0.573576 -0.819153 2780.dat
1 72 -70.000220 -19.994240 -127.935200 0.000001 1.000000 -0.000001 0.697789 -0.000002 -0.716306 -0.716306 0.000000 -0.697788 60484.dat
1 71 -50.000240 -49.473300 -156.577700 0.000001 0.000001 -1.000000 0.707108 0.707107 0.000001 0.707107 -0.707108 0.000001 48989.dat
1 72 -10.000250 -49.473470 -156.578200 1.000000 -0.000001 0.000001 -0.000002 -0.707109 0.707107 0.000000 -0.707106 -0.707108 39793.dat
1 71 29.999720 -49.473500 -156.578100 0.000001 0.000001 -1.000000 0.707108 0.707107 0.000001 0.707107 -0.707108 0.000001 48989.dat
1 4 -50.000230 -56.544490 -135.364800 0.000001 -1.000000 -0.000001 0.707109 0.000002 -0.707107 0.707106 0.000000 0.707108 89678.dat
1 4 -10.000230 -42.402340 -149.506900 0.000001 -1.000000 -0.000001 0.707109 0.000002 -0.707107 0.707106 0.000000 0.707108 89678.dat
1 4 -10.000230 -56.544480 -135.364800 0.000001 -1.000000 -0.000001 0.707109 0.000002 -0.707107 0.707106 0.000000 0.707108 89678.dat
1 4 9.999740 -42.402480 -149.506800 0.000001 -1.000000 -0.000001 0.707109 0.000002 -0.707107 0.707106 0.000000 0.707108 89678.dat
1 4 29.999740 -56.544560 -135.364800 0.000001 -1.000000 -0.000001 0.707109 0.000002 -0.707107 0.707106 0.000000 0.707108 89678.dat
1 72 49.999840 -21.189190 -128.293800 0.000001 1.000000 -0.000001 0.707107 -0.000002 -0.707109 -0.707108 0.000000 -0.707107 60484.dat
1 14 59.999840 -21.189200 -128.293700 1.000000 -0.000001 0.000001 0.000002 0.819152 -0.573576 0.000000 0.573576 0.819153 3673.dat
1 191 -50.000220 -56.532450 -135.376700 1.000000 -0.000001 0.000001 -0.000002 -0.707109 0.707107 0.000000 -0.707106 -0.707108 32606.dat
1 191 9.999740 -42.390500 -149.518700 1.000000 -0.000001 0.000001 -0.000002 -0.707109 0.707107 0.000000 -0.707106 -0.707108 32606.dat
1 5 -10.000230 -56.532500 -135.376600 1.000000 -0.000001 0.000001 -0.000002 -0.707109 0.707107 0.000000 -0.707106 -0.707108 32606.dat
1 320 -10.000200 -35.331240 -142.435800 0.500001 -0.000001 -0.866025 0.612372 -0.707109 0.353556 -0.612372 -0.707107 -0.353554 19119.dat
1 10 29.997490 -67.492360 -146.323100 0.500000 -0.000001 0.866025 -0.612373 -0.707109 0.353553 0.612374 -0.707106 -0.353555 37695.dat
1 72 69.999940 -78.530490 -46.382320 -0.000001 1.000000 -0.000001 0.819153 0.000002 0.573576 0.573576 0.000000 -0.819153 73507.dat
1 0 -90.000070 -86.722220 -52.118110 -0.000001 -0.000001 -1.000000 0.819152 0.573576 -0.000002 0.573576 -0.819153 0.000000 2780.dat
1 0 69.999920 -86.721950 -52.118030 -0.000001 -0.000001 -1.000000 0.819152 0.573576 -0.000002 0.573576 -0.819153 0.000000 2780.dat
1 2 -10.000080 -94.913640 -57.853780 -0.000001 0.000001 -1.000000 0.573576 -0.819152 -0.000002 -0.819153 -0.573576 0.000000 40490.dat
1 72 -110.000000 -93.312690 -1.049340 0.000000 -1.000000 -0.000003 0.190810 0.000003 -0.981627 0.981627 0.000000 0.190810 32523.dat
1 14 -120.000000 -74.246480 -4.712660 1.000000 0.000000 0.000000 0.000000 0.000000 -1.000000 0.000000 1.000000 0.000000 3673.dat
1 72 -130.000000 -10.002010 -149.999200 0.000000 1.000000 0.000000 -1.000000 0.000000 0.000000 0.000000 0.000000 1.000000 32524.dat
1 0 -120.000000 -10.002010 -189.999300 -1.000000 0.000000 0.000000 0.000000 1.000000 0.000000 0.000000 0.000000 -1.000000 2780.dat
1 19 -110.000000 -10.002010 -209.999200 1.000000 0.000000 0.000000 0.000000 1.000000 0.000000 0.000000 0.000000 1.000000 32556.dat
1 72 -110.000000 -10.002010 -199.999200 0.000000 1.000000 0.000000 -1.000000 0.000000 0.000000 0.000000 0.000000 1.000000 43857.dat
1 72 -90.000000 -10.002000 -209.999200 0.000000 -1.000000 0.000000 0.650774 0.000000 -0.759271 0.759271 0.000000 0.650774 32526.dat
1 72 -100.000000 -40.372860 -183.968200 1.000000 0.000000 0.000000 0.000000 0.622514 0.782609 0.000000 -0.782608 0.622514 80477.dat
1 14 -100.000000 -44.712740 -127.566400 1.000000 0.000000 0.000000 0.000000 0.622515 0.782608 0.000000 -0.782608 0.622515 3673.dat
1 72 -110.000000 -36.663800 -121.632200 0.000000 1.000000 0.000000 -0.593419 0.000000 0.804894 0.804894 0.000000 0.593419 43857.dat
1 14 -120.000000 -28.614860 -115.698100 1.000000 0.000000 0.000000 0.000000 1.000000 -0.000006 0.000000 0.000006 1.000000 3673.dat
1 72 -130.000000 -51.430660 -60.205360 0.000000 1.000000 0.000000 -0.924878 0.000000 -0.380263 -0.380263 0.000000 0.924878 32524.dat
1 0 100.000000 -10.002010 -149.999300 -1.000000 0.000000 0.000000 0.000000 1.000000 0.000000 0.000000 0.000000 -1.000000 2780.dat
1 0 100.000000 -10.002010 -69.999260 -1.000000 0.000000 0.000000 0.000000 1.000000 0.000000 0.000000 0.000000 -1.000000 2780.dat
1 72 110.000000 -10.002010 -109.999300 0.000000 1.000000 0.000000 -1.000000 0.000000 0.000000 0.000000 0.000000 1.000000 32524.dat
1 14 10.000010 -370.002000 10.000870 0.000000 0.000000 -1.000000 0.000000 1.000000 0.000000 1.000000 0.000000 0.000000 23948.dat
1 14 10.000000 -370.002000 -109.999100 0.000000 -1.000000 0.000000 -1.000000 0.000000 0.000000 0.000000 0.000000 -1.000000 32013.dat
1 0 10.000010 -380.002000 -109.999100 0.000000 -1.000000 0.000000 1.000000 0.000000 0.000000 0.000000 0.000000 1.000000 6628.dat
