0 Untitled Model
0 Name:  CoralNursery
0 Author:  
0 CustomBrick
0 FlexibleBrickControlPointUnitLength -1
0 NumOfBricks:  151
1 72 0.000020 -42.254120 80.000000 1.000000 0.000000 0.000000 0.000000 0.000000 1.000000 0.000000 -1.000000 0.000000 60484.dat
1 0 0.000020 -42.254120 89.999980 0.000000 0.000000 -1.000000 0.000000 1.000000 0.000000 1.000000 0.000000 0.000000 2780.dat
1 0 0.000020 -2.254120 90.000010 0.000000 0.000000 -1.000000 0.000000 1.000000 0.000000 1.000000 0.000000 0.000000 2780.dat
1 1 20.000010 -2.254130 60.000020 0.000000 0.000000 1.000000 0.000000 1.000000 0.000000 -1.000000 0.000000 0.000000 6558.dat
1 1 -20.000000 -2.254130 60.000020 0.000000 0.000000 1.000000 0.000000 1.000000 0.000000 -1.000000 0.000000 0.000000 6558.dat
1 72 0.000000 -2.254130 60.000020 0.000000 0.000000 -1.000000 -1.000000 0.000000 0.000000 0.000000 1.000000 0.000000 32523.dat
1 71 0.000000 -2.254130 -19.999990 1.000000 0.000000 0.000000 0.000000 1.000000 0.000000 0.000000 0.000000 1.000000 64179.dat
1 0 50.000000 -2.254130 20.000000 -1.000000 0.000000 0.000000 0.000000 1.000000 0.000000 0.000000 0.000000 -1.000000 2780.dat
1 0 50.000000 -2.254130 -20.000000 -1.000000 0.000000 0.000000 0.000000 1.000000 0.000000 0.000000 0.000000 -1.000000 2780.dat
1 0 -50.000000 -2.254130 -19.999980 -1.000000 0.000000 0.000000 0.000000 1.000000 0.000000 0.000000 0.000000 -1.000000 2780.dat
1 0 -50.000000 -2.254130 20.000020 -1.000000 0.000000 0.000000 0.000000 1.000000 0.000000 0.000000 0.000000 -1.000000 2780.dat
1 0 -20.000010 -2.254130 -90.000000 0.000000 0.000000 1.000000 0.000000 1.000000 0.000000 -1.000000 0.000000 0.000000 2780.dat
1 0 19.999990 -2.254130 -90.000000 0.000000 0.000000 1.000000 0.000000 1.000000 0.000000 -1.000000 0.000000 0.000000 2780.dat
1 72 -0.000020 -2.254130 -100.000000 0.000000 0.000000 -1.000000 -1.000000 0.000000 0.000000 0.000000 1.000000 0.000000 32523.dat
1 72 80.000000 -2.254130 0.000000 1.000000 0.000000 0.000000 0.000000 1.000000 0.000000 0.000000 0.000000 1.000000 39793.dat
1 72 -80.000000 -2.254130 0.000020 1.000000 0.000000 0.000000 0.000000 1.000000 0.000000 0.000000 0.000000 1.000000 39793.dat
1 71 -0.000010 -2.254130 -59.999980 1.000000 0.000000 0.000000 0.000000 0.965926 0.258817 0.000000 -0.258817 0.965926 32073.dat
1 72 -20.000000 -37.101690 -112.779300 0.000000 -1.000000 0.000000 0.965926 0.000000 0.258817 -0.258817 0.000000 0.965927 32140.dat
1 1 0.000000 -21.572660 -54.823650 1.000000 0.000000 0.000000 0.000000 0.965926 0.258817 0.000000 -0.258817 0.965927 6558.dat
1 72 -0.000010 -2.254140 -60.000020 0.000000 -1.000000 0.000000 0.258817 0.000000 -0.965927 0.965927 0.000000 0.258817 60483.dat
1 72 19.999990 -37.101700 -112.779300 0.000000 -1.000000 0.000000 0.965926 0.000000 0.258817 -0.258817 0.000000 0.965927 32140.dat
1 72 0.000000 -37.101700 -112.779300 1.000000 0.000000 0.000000 0.000000 0.258817 -0.965926 0.000000 0.965927 0.258817 27940.dat
1 1 0.000020 -122.254100 100.000000 1.000000 0.000000 0.000000 0.000000 0.000000 -1.000000 0.000000 1.000000 0.000000 41239.dat
1 0 0.000020 -242.254200 90.000030 0.000000 0.000000 -1.000000 0.000000 1.000000 0.000000 1.000000 0.000000 0.000000 2780.dat
1 0 0.000020 -202.254200 90.000030 0.000000 0.000000 -1.000000 0.000000 1.000000 0.000000 1.000000 0.000000 0.000000 2780.dat
1 71 0.000030 -222.254200 120.000000 -1.000000 0.000000 0.000000 0.000000 -1.000000 0.000000 0.000000 0.000000 1.000000 55615.dat
1 1 0.000030 -232.254200 140.000000 0.000000 1.000000 0.000000 -1.000000 0.000000 0.000000 0.000000 0.000000 1.000000 43093.dat
1 1 0.000030 -242.254200 160.000000 1.000000 0.000000 0.000000 0.000000 1.000000 0.000000 0.000000 0.000000 1.000000 32316.dat
1 72 0.000030 -232.254200 200.000000 0.000000 -1.000000 0.000000 1.000000 0.000000 0.000000 0.000000 0.000000 1.000000 89678.dat
1 1 0.000020 -322.254100 80.000080 1.000000 0.000000 0.000000 0.000000 0.000000 -1.000000 0.000000 1.000000 0.000000 41239.dat
1 0 0.000020 -422.254100 90.000110 0.000000 0.000000 -1.000000 0.000000 1.000000 0.000000 1.000000 0.000000 0.000000 2780.dat
1 72 0.000000 -442.254100 100.000100 -1.000000 0.000000 0.000000 0.000000 0.000000 1.000000 0.000000 1.000000 0.000000 60483.dat
1 14 0.000010 -442.254100 80.000110 0.000000 0.000000 -1.000000 0.000000 1.000000 0.000000 1.000000 0.000000 0.000000 4519.dat
1 14 0.000010 -442.257000 50.000120 1.000000 0.000000 0.000000 0.000000 1.000000 0.000000 0.000000 0.000000 1.000000 59443.dat
1 14 -0.000020 -442.254100 -21.099860 0.000000 0.000000 -1.000000 0.000000 1.000000 0.000000 1.000000 0.000000 0.000000 44294.dat
1 14 -0.000030 -442.254200 -102.389900 0.000000 1.000000 0.000000 1.000000 0.000000 0.000000 0.000000 0.000000 -1.000000 32013.dat
1 0 -0.000020 -452.254200 -102.389900 0.000000 -1.000000 0.000000 1.000000 0.000000 0.000000 0.000000 0.000000 1.000000 6628.dat
1 71 0.000010 -37.101700 -112.779300 0.000000 0.707105 -0.707101 0.258817 0.683012 0.683013 0.965927 -0.183011 -0.183011 32073.dat
1 71 0.000000 -52.630680 -170.734700 0.707101 0.707105 0.000000 -0.683013 0.683012 0.258817 0.183011 -0.183011 0.965927 26287.dat
1 71 -0.000030 -83.688770 -286.645900 0.000000 0.707105 -0.707101 0.258817 0.683012 0.683013 0.965927 -0.183011 -0.183011 23948.dat
1 71 -14.142010 -49.323200 -213.032000 0.000000 0.707105 -0.707101 0.258817 0.683012 0.683013 0.965927 -0.183011 -0.183011 32039.dat
1 71 -14.142100 -81.819980 -225.030100 0.000000 -0.707101 -0.707105 0.258817 0.683013 -0.683011 0.965927 -0.183011 0.183011 32039.dat
1 71 14.141990 -86.996370 -244.348600 0.000000 -0.707105 0.707101 0.258817 -0.683012 -0.683013 0.965927 0.183011 0.183012 32039.dat
1 71 14.142040 -64.852250 -270.987600 0.000000 0.707101 0.707105 0.258817 -0.683013 0.683012 0.965927 0.183011 -0.183011 32039.dat
1 71 -14.142040 -70.028490 -290.306200 0.000000 0.707105 -0.707101 0.258817 0.683012 0.683014 0.965927 -0.183011 -0.183011 32039.dat
1 71 -14.142140 -102.525400 -302.304400 0.000000 -0.707101 -0.707105 0.258817 0.683013 -0.683012 0.965927 -0.183011 0.183011 32039.dat
1 71 14.141960 -107.701700 -321.622900 0.000000 -0.707105 0.707101 0.258817 -0.683012 -0.683013 0.965927 0.183011 0.183012 32039.dat
1 71 14.142040 -85.557650 -348.261600 0.000000 0.707101 0.707105 0.258817 -0.683013 0.683012 0.965927 0.183011 -0.183011 32039.dat
1 0 -0.000060 -119.923200 -421.875800 0.707101 0.707105 0.000000 -0.683013 0.683012 0.258817 0.183011 -0.183011 0.965927 79851.dat
1 71 -0.000050 -109.570500 -383.238700 0.707101 0.707105 0.000000 -0.683013 0.683012 0.258817 0.183011 -0.183011 0.965927 3713.dat
1 19 35.355010 -107.486700 -238.858200 -0.707101 0.707105 0.000000 0.683013 0.683012 -0.258817 -0.183011 -0.183011 -0.965927 99008.dat
1 19 35.355000 -128.192200 -316.132400 -0.707101 0.707105 0.000000 0.683013 0.683012 -0.258817 -0.183011 -0.183011 -0.965927 99008.dat
1 19 -35.355250 -123.015700 -296.814000 0.707105 0.707101 0.000000 0.683012 -0.683013 -0.258817 -0.183011 0.183011 -0.965927 99008.dat
1 19 -35.355200 -102.310400 -219.539800 0.707105 0.707101 0.000000 0.683012 -0.683013 -0.258817 -0.183011 0.183011 -0.965927 99008.dat
1 19 -35.355020 -28.832760 -218.522600 0.707101 -0.707105 0.000000 -0.683013 -0.683012 -0.258817 0.183011 0.183011 -0.965927 99008.dat
1 19 -35.355050 -49.538080 -295.796500 0.707101 -0.707105 0.000000 -0.683013 -0.683012 -0.258817 0.183011 0.183011 -0.965927 99008.dat
1 19 35.355150 -44.361980 -276.477900 -0.707105 -0.707101 0.000000 -0.683012 0.683013 -0.258817 0.183011 -0.183011 -0.965927 99008.dat
1 19 35.355160 -65.067360 -353.751900 -0.707105 -0.707101 0.000000 -0.683012 0.683013 -0.258817 0.183011 -0.183011 -0.965927 99008.dat
1 28 42.425960 -114.316900 -237.028300 0.000000 0.707105 -0.707101 0.258817 0.683012 0.683014 0.965927 -0.183011 -0.183011 24122.dat
1 28 42.425950 -135.022300 -314.302500 0.000000 0.707105 -0.707101 0.258817 0.683012 0.683014 0.965927 -0.183011 -0.183011 24122.dat
1 28 -42.426020 -42.707920 -297.626600 0.000000 0.707105 -0.707101 0.258817 0.683012 0.683014 0.965927 -0.183011 -0.183011 24122.dat
1 28 -42.426020 -22.002590 -220.352600 0.000000 0.707105 -0.707101 0.258817 0.683012 0.683014 0.965927 -0.183011 -0.183011 24122.dat
1 28 -42.426260 -109.140400 -217.709500 0.000000 -0.707101 -0.707105 0.258817 0.683013 -0.683012 0.965927 -0.183011 0.183011 24122.dat
1 28 -42.426280 -129.845700 -294.983800 0.000000 -0.707101 -0.707106 0.258817 0.683013 -0.683012 0.965927 -0.183011 0.183011 24122.dat
1 28 42.426180 -37.531840 -278.308000 0.000000 -0.707101 -0.707106 0.258817 0.683013 -0.683012 0.965927 -0.183011 0.183011 24122.dat
1 28 42.426200 -58.237200 -355.581900 0.000000 -0.707101 -0.707106 0.258817 0.683013 -0.683012 0.965927 -0.183011 0.183011 24122.dat
1 323 -42.426260 -105.517000 -204.186600 0.707105 0.000000 -0.707101 0.683012 -0.258817 0.683013 -0.183011 -0.965927 -0.183011 68211.dat
1 323 42.426200 -54.613800 -342.059000 0.707105 0.000000 -0.707101 0.683012 -0.258817 0.683013 -0.183011 -0.965927 -0.183011 68211.dat
1 85 -42.426280 -124.669500 -275.665400 0.707105 0.000000 -0.707101 0.683012 -0.258817 0.683013 -0.183011 -0.965927 -0.183012 19119.dat
1 85 42.426200 -32.355500 -258.989600 0.707105 0.000000 -0.707101 0.683012 -0.258817 0.683013 -0.183011 -0.965927 -0.183012 19119.dat
1 30 42.426230 -98.849250 -179.301500 0.707107 0.000000 -0.707107 0.683013 -0.258817 0.683013 -0.183011 -0.965927 -0.183011 33172.dat
1 30 -42.426040 -6.534880 -162.625900 0.707105 0.000000 -0.707101 0.683012 -0.258817 0.683013 -0.183011 -0.965927 -0.183011 33172.dat
1 72 180.000200 -2.253630 -0.000520 0.000000 0.000000 1.000000 0.999996 0.000000 0.000000 0.000000 0.999996 0.000000 32524.dat
1 1 140.000100 -2.253620 -0.000060 0.000000 0.000000 -1.000000 0.000000 1.000000 0.000000 1.000000 0.000000 0.000000 6558.dat
1 72 140.000000 -22.253620 20.000020 1.000000 0.000000 0.000000 0.000000 0.000000 -1.000000 0.000000 1.000000 0.000000 39793.dat
1 0 110.000100 -2.253630 20.000050 1.000000 0.000000 0.000000 0.000000 1.000000 0.000000 0.000000 0.000000 1.000000 2780.dat
1 1 160.000000 -22.253610 -0.000120 0.000000 0.000000 -1.000000 0.000000 1.000000 0.000000 1.000000 0.000000 0.000000 6558.dat
1 1 140.000000 -22.253620 -0.000120 0.000000 0.000000 -1.000000 0.000000 1.000000 0.000000 1.000000 0.000000 0.000000 6558.dat
1 1 120.000000 -22.253620 20.000020 0.000000 0.000000 -1.000000 0.000000 1.000000 0.000000 1.000000 0.000000 0.000000 6558.dat
1 72 120.000000 -102.253700 -0.000080 1.000000 0.000000 0.000000 0.000000 0.000000 1.000000 0.000000 -1.000000 0.000000 32526.dat
1 19 120.000000 -102.253700 -0.000080 0.000000 0.000000 -1.000000 0.000000 1.000000 0.000000 1.000000 0.000000 0.000000 32556.dat
1 71 180.000200 -2.253630 -0.000060 0.000000 0.000000 -1.000000 0.000000 1.000000 0.000000 1.000000 0.000000 0.000000 32073.dat
1 72 180.000200 -2.253640 20.000080 -1.000000 0.000000 0.000000 0.000000 1.000000 0.000000 0.000000 0.000000 -1.000000 3713.dat
1 72 180.000200 -2.253630 -20.000080 -1.000000 0.000000 0.000000 0.000000 1.000000 0.000000 0.000000 0.000000 -1.000000 3713.dat
1 72 180.000200 -2.253640 40.000010 0.000000 0.000000 -1.000000 -1.000000 0.000000 0.000000 0.000000 1.000000 0.000000 32140.dat
1 72 140.000000 -22.253610 -20.000110 1.000000 0.000000 0.000000 0.000000 0.000000 -1.000000 0.000000 1.000000 0.000000 39793.dat
1 0 110.000000 -2.253620 -20.000060 1.000000 0.000000 0.000000 0.000000 1.000000 0.000000 0.000000 0.000000 1.000000 2780.dat
1 0 120.000000 -22.253610 -30.000160 0.000000 0.000000 -1.000000 0.000000 1.000000 0.000000 1.000000 0.000000 0.000000 2780.dat
1 72 180.000200 -2.253630 -40.000160 0.000000 0.000000 -1.000000 -1.000000 0.000000 0.000000 0.000000 1.000000 0.000000 32140.dat
1 1 200.000300 -2.253630 -0.000050 0.000000 0.000000 -1.000000 0.000000 1.000000 0.000000 1.000000 0.000000 0.000000 6558.dat
1 1 220.000400 -2.253630 -0.000050 0.000000 0.000000 -1.000000 0.000000 1.000000 0.000000 1.000000 0.000000 0.000000 6558.dat
1 71 220.000400 -2.253630 -20.000080 0.000000 -1.000000 0.000000 -1.000000 0.000000 0.000000 0.000000 0.000000 -1.000000 42003.dat
1 71 220.000400 -2.253640 20.000090 0.000000 -1.000000 0.000000 -1.000000 0.000000 0.000000 0.000000 0.000000 -1.000000 42003.dat
1 1 240.000100 -12.253630 -20.000040 0.000000 0.000000 1.000000 0.999996 0.000000 0.000000 0.000000 0.999996 0.000000 43093.dat
1 1 240.000200 -12.253640 20.000100 0.000000 0.000000 1.000000 0.999996 0.000000 0.000000 -0.000001 0.999996 0.000000 43093.dat
1 72 240.000100 -42.253540 0.000140 0.000000 -1.000000 0.000000 -0.999996 0.000000 0.000000 0.000000 0.000000 -0.999996 39793.dat
1 0 240.000100 -72.253380 -19.999760 0.000000 -1.000000 0.000000 -0.999996 0.000000 0.000000 0.000001 0.000000 -0.999996 2780.dat
1 0 240.000200 -72.253380 20.000140 0.000000 -1.000000 0.000000 -0.999996 0.000000 0.000000 0.000001 0.000000 -0.999996 2780.dat
1 72 240.000100 -82.253340 0.000150 0.000000 0.000000 1.000000 0.000000 0.999996 0.000000 -0.999996 0.000000 0.000000 3167.dat
1 0 220.000400 -92.253310 -19.999750 0.000000 -1.000000 0.000000 -0.999996 0.000000 0.000000 0.000001 0.000000 -0.999996 2780.dat
1 0 220.000400 -92.253310 20.000140 0.000000 -1.000000 0.000000 -0.999996 0.000000 0.000000 0.000001 0.000000 -0.999996 2780.dat
1 71 220.000400 -112.253200 -19.999750 0.000000 -1.000000 0.000000 -0.999996 0.000000 0.000000 0.000000 0.000000 -0.999996 62462.dat
1 71 220.000400 -112.253200 20.000140 0.000000 -1.000000 0.000000 -0.999996 0.000000 0.000000 0.000000 0.000000 -0.999996 62462.dat
1 0 220.000400 -132.253200 -19.999780 0.000000 -1.000000 0.000000 -0.999996 0.000000 0.000000 0.000001 0.000000 -0.999996 2780.dat
1 0 220.000400 -132.253200 20.000140 0.000000 -1.000000 0.000000 -0.999996 0.000000 0.000000 0.000001 0.000000 -0.999996 2780.dat
1 71 244.721800 -102.304800 -0.001180 -0.000002 0.000000 -1.000000 0.999995 0.000000 -0.000002 0.000000 -0.999995 0.000000 40490.dat
1 19 164.721600 -102.304500 -0.000160 0.000000 -0.894942 -0.446198 0.000001 -0.446200 0.894932 -1.000004 0.000000 0.000000 32556.dat
1 15 119.999900 -102.253800 -20.000130 -0.446198 0.000000 0.894942 0.894932 0.000000 0.446200 0.000000 1.000004 0.000000 60484.dat
1 14 324.721700 -102.304200 -0.000200 0.000000 0.000002 -1.000000 0.000000 -1.000004 -0.000002 -1.000004 0.000000 0.000000 4519.dat
1 14 324.721700 -102.301400 -30.000320 -1.000001 0.000002 0.000000 -0.000002 -1.000004 0.000000 -0.000001 0.000000 1.000004 59443.dat
1 14 324.721700 -102.301300 29.999980 -1.000001 0.000002 -0.000001 -0.000002 -1.000004 0.000000 -0.000001 0.000000 1.000004 59443.dat
1 4 324.721700 -102.304200 -50.000350 0.000000 0.000002 -1.000000 0.000000 -1.000004 -0.000002 -1.000004 0.000000 0.000000 32062.dat
1 4 324.721700 -102.304200 50.000120 0.000000 0.000002 -1.000000 0.000000 -1.000004 -0.000002 -1.000004 0.000000 0.000000 32062.dat
1 14 324.721600 -102.301400 70.000260 -1.000001 0.000002 -0.000001 -0.000002 -1.000004 0.000000 -0.000001 0.000000 1.000004 59443.dat
1 14 324.721800 -102.301400 -70.000920 -1.000001 0.000002 -0.000001 -0.000002 -1.000004 0.000000 -0.000001 0.000000 1.000004 59443.dat
1 15 120.000000 -102.253700 20.000000 -0.446198 0.000000 0.894935 0.894932 0.000000 0.446196 0.000000 0.999996 0.000000 60484.dat
1 72 220.000400 -142.253200 0.000160 1.000000 0.000000 0.000000 0.000000 -0.999996 0.000000 0.000000 0.000000 -0.999996 32523.dat
1 1 146.873400 -66.507280 29.999940 0.000000 0.000000 -1.000000 0.000000 0.999996 0.000000 0.999996 0.000000 0.000000 43093.dat
1 15 146.873400 -66.507280 59.999940 0.000000 -1.000000 0.000000 -0.999996 0.000000 0.000000 0.000000 0.000000 -0.999996 32034.dat
1 4 146.873400 -66.507300 89.999820 0.000000 0.000000 -1.000000 0.000000 -0.999996 0.000000 -0.999996 0.000000 0.000000 32062.dat
1 15 146.873400 -66.507280 119.999700 0.000000 -1.000000 0.000000 0.999997 0.000000 0.000000 -0.000001 0.000000 0.999996 32013.dat
1 72 146.873500 -56.507370 59.999940 0.000000 0.000000 -1.000000 0.999997 0.000000 0.000000 0.000000 -0.999996 0.000000 89678.dat
1 72 146.873400 -56.507380 119.999700 0.000000 0.000000 -1.000000 0.999996 0.000000 0.000000 0.000000 -0.999996 0.000000 89678.dat
1 191 146.873500 -76.822440 59.999920 -1.000000 0.000000 0.000000 0.000000 -0.999997 0.000000 0.000000 0.000000 0.999996 33183.dat
1 320 146.873400 -52.507380 119.999700 0.000000 0.000000 -1.000000 0.000000 -0.999996 0.000000 -0.999996 0.000000 0.000000 19119.dat
1 25 132.434900 -24.774780 111.546300 -0.895509 0.440907 -0.060543 -0.440905 -0.860427 0.255461 0.060542 0.255461 0.964918 24866.dat
1 1 146.873700 -66.507140 -30.000020 0.000000 0.000000 1.000000 0.000000 0.999996 0.000000 -0.999996 0.000000 0.000000 43093.dat
1 15 146.873700 -66.507140 -59.999880 0.000000 1.000000 0.000000 -0.999996 0.000000 0.000000 0.000000 0.000000 0.999996 32034.dat
1 4 146.873700 -66.507120 -89.999790 0.000000 0.000000 -1.000000 0.000000 -0.999996 0.000000 -0.999996 0.000000 0.000000 32062.dat
1 15 146.873700 -66.507100 -119.999700 0.000000 1.000000 0.000000 0.999996 0.000000 0.000000 0.000000 0.000000 -0.999996 32013.dat
1 72 146.873700 -56.507220 -59.999880 0.000000 0.000000 -1.000000 0.999996 0.000000 0.000000 0.000000 -0.999996 0.000000 89678.dat
1 72 146.873700 -56.507200 -119.999600 0.000000 0.000000 -1.000000 0.999996 0.000000 0.000000 0.000000 -0.999996 0.000000 89678.dat
1 5 146.890600 -56.507230 -59.999880 0.000000 0.000000 1.000000 0.000000 -0.999996 0.000000 0.999996 0.000000 0.000000 32606.dat
1 70 146.873700 -36.507280 -119.999600 0.000000 0.000000 1.000000 0.000000 -0.999996 0.000000 0.999996 0.000000 0.000000 24855.dat
1 70 146.873700 -41.507260 -119.999700 0.000000 0.000000 -1.000000 0.000000 -0.999996 0.000000 -0.999996 0.000000 0.000000 68211.dat
1 0 32.062480 -239.860200 179.968800 0.000000 0.000000 -1.000005 0.000000 0.999999 0.000000 1.000004 0.000000 0.000000 3815c01.dat
1 0 30.850050 -232.110900 180.006000 0.000000 0.000000 -1.000000 0.000000 1.000000 0.000000 1.000000 0.000000 0.000000 bl_41811.dat
1 14 32.062500 -303.860300 179.968800 1.000000 0.000000 -0.000001 0.000000 1.000000 0.000000 0.000001 0.000000 1.000000 3626b.dat
1 0 32.071500 -303.839300 179.968800 0.000000 0.000000 -1.000000 0.000000 1.000000 0.000000 1.000000 0.000000 0.000000 30124b.dat
1 43 31.372500 -295.790300 179.938800 0.000000 0.000000 -1.000000 0.000000 1.000000 0.000000 1.000000 0.000000 0.000000 30090b.dat
1 25 33.062470 -199.860300 189.968800 -0.173649 0.000000 -0.984812 0.000000 0.999999 0.000000 0.984812 0.000000 -0.173649 2599.dat
1 25 33.062480 -199.860300 169.968700 0.173649 0.000000 -0.984812 0.000000 0.999999 0.000000 0.984812 0.000000 0.173649 2599.dat
1 85 65.686000 -270.079900 159.607700 -0.659154 -0.263302 0.704406 -0.251191 0.959990 0.123782 -0.708815 -0.095349 -0.698920 19119.dat
1 0 0.000030 -342.534100 180.000000 -0.000001 1.000005 0.000000 0.000000 0.000000 0.999999 1.000005 0.000000 0.000000 79851.dat
1 0 -9.999960 -262.324200 180.000000 -0.000001 1.000005 0.000000 0.000000 0.000000 0.999999 1.000005 0.000000 0.000000 32064c.dat
1 70 0.000020 -264.534200 180.000000 0.000000 1.000004 -0.000001 -0.999999 0.000000 0.000000 0.000000 0.000000 1.000004 24316.dat
1 0 32.062490 -271.860300 179.968800 0.000000 0.000000 -1.000000 0.000000 1.000000 0.000000 1.000000 0.000000 0.000000 973.dat
1 0 32.062430 -262.984700 195.440600 0.000000 0.000000 -1.000000 -0.170671 0.985328 0.000000 0.985328 0.170671 0.000000 3819.dat
1 0 32.062480 -262.953100 164.394100 0.000000 0.707100 -0.707114 0.169703 0.696857 0.696843 0.985495 -0.120000 -0.119997 3818.dat
1 0 42.062500 -245.116700 203.610000 -0.120682 -0.696732 -0.707107 -0.049255 0.715638 -0.696732 0.991468 -0.049255 -0.120682 3820.dat
1 0 52.214980 -257.181400 158.326500 0.000001 -0.000010 -1.000000 0.098837 0.995104 -0.000010 0.995104 -0.098837 0.000002 3820.dat
