0 Untitled Model
0 Name:  PlanktonSample
0 Author: 
0 CustomBrick
0 FlexibleBrickControlPointUnitLength -1
0 NumOfBricks:  61
1 0 0 -10 60 0 1 0 -1 0 0 0 0 1 32184.dat
1 0 0 -10 50 0 0 -1 0 1 0 1 0 0 2780.dat
1 72 -20 -30 60 0 0 1 1 0 0 0 1 0 11214.dat
1 72 20 -30 60 0 0 1 1 0 0 0 1 0 11214.dat
1 27 0 -30 60 0 0 -1 0 1 0 1 0 0 32523.dat
1 27 -20 -50 60 1 0 0 0 1 0 0 0 1 18654.dat
1 27 20 -50 60 1 0 0 0 1 0 0 0 1 18654.dat
1 10 -40 -10 40 0 0 1 -1 0 0 0 -1 0 32526.dat
1 1 -40 -10 40 0 0 -1 0 1 0 1 0 0 6558.dat
1 1 40 -10 40 0 0 -1 0 1 0 1 0 0 6558.dat
1 2 -40 -50 60 1 0 0 0 0 -1 0 1 0 32316.dat
1 2 40 -50 60 1 0 0 0 0 -1 0 1 0 32316.dat
1 0 -40 -90 50 0 0 -1 0 1 0 1 0 0 2780.dat
1 0 40 -90 50 0 0 -1 0 1 0 1 0 0 2780.dat
1 10 40 -90 40 0 0 -1 1 0 0 0 -1 0 32526.dat
1 2 0 -10 20 0 0 -1 -1 0 0 0 1 0 32316.dat
1 27 0 -9 0 0 0 -1 -1 0 0 0 1 0 32523.dat
1 1 20 -9 0 0 0 -1 0 1 0 1 0 0 6558.dat
1 1 -20 -9 0 0 0 -1 0 1 0 1 0 0 6558.dat
1 1 0 -9 -20 0 0 -1 0 -1 0 -1 0 0 6558.dat
1 2 0 -9 -20 0 0 -1 -1 0 0 0 1 0 32316.dat
1 72 -40 -50 40 0 0 1 0 1 0 -1 0 0 11214.dat
1 72 40 -50 40 0 0 1 0 1 0 -1 0 0 11214.dat
1 27 -40 -50 0 0 1 0 -1 0 0 0 0 1 32034.dat
1 27 40 -50 0 0 1 0 -1 0 0 0 0 1 32034.dat
1 72 -40 -50 -40 0 0 1 0 -1 0 1 0 0 11214.dat
1 72 40 -50 -40 0 0 1 0 -1 0 1 0 0 11214.dat
1 71 40 -60 0 0 0 -1 -1 0 0 0 1 0 4274.dat
1 71 -40 -60 0 0 0 -1 -1 0 0 0 1 0 4274.dat
1 1 0 -90 30 0 0 1 0 1 0 -1 0 0 43093.dat
1 27 0 -90 0 0 1 0 -1 0 0 0 0 1 32034.dat
1 71 0 -100 0 0 0 -1 -1 0 0 0 1 0 4274.dat
1 1 0 -90 -30 0 0 -1 0 1 0 1 0 0 43093.dat
1 10 -40 -9 -40 0 0 1 -1 0 0 0 -1 0 32526.dat
1 0 -20 -9 -50 0 0 -1 0 1 0 1 0 0 2780.dat
1 0 20 -9 -50 0 0 -1 0 1 0 1 0 0 2780.dat
1 10 40 -90 -40 0 0 -1 1 0 0 0 -1 0 32526.dat
1 0 -40 -90 -50 0 0 -1 0 1 0 1 0 0 2780.dat
1 0 40 -90 -50 0 0 -1 0 1 0 1 0 0 2780.dat
1 1 -40 -9 -40 0 0 -1 0 1 0 1 0 0 6558.dat
1 1 40 -9 -40 0 0 -1 0 1 0 1 0 0 6558.dat
1 2 -40 -49 -60 1 0 0 0 0 -1 0 1 0 32316.dat
1 2 39.9999 -50 -60 1 0 0 0 0 -1 0 1 0 32316.dat
1 27 0 -9 -60 0 0 -1 -1 0 0 0 1 0 32523.dat
1 0 -40 -29 -70 0 0 -1 0 1 0 1 0 0 2780.dat
1 0 39.9999 -30 -70 0 0 -1 0 1 0 1 0 0 2780.dat
1 27 -40 -29 -80 1 0 0 0 0 -1 0 1 0 18654.dat
1 27 39.9999 -30 -80 1 0 0 0 0 -1 0 1 0 18654.dat
1 10 -40 -104.29 0 -0.984807 0 0.173649 0 -1 0 0.173649 0 0.984808 1747.dat
1 10 -40 -144.29 0 -0.984808 0 0.173649 0 -1 0 0.173649 0 0.984808 1747.dat
1 10 0 -144 0 -0.707107 0 0.707107 0 -1 0 0.707107 0 0.707107 1747.dat
1 10 0 -184 0 -0.707106 0 0.707107 0 -1 0 0.707107 0 0.707106 1747.dat
1 10 40 -104 0 -0.173649 0 -0.984808 0 -1 0 -0.984808 0 0.173649 1747.dat
1 10 40 -144 0 -0.173648 0 -0.984808 0 -1 0 -0.984808 0 0.173648 1747.dat
1 72 -0.0001 -48.6925 55.5489 1 0 0 0 -0.013961 0.999903 0 -0.999903 -0.013961 78258.dat
1 15 -0.0001 -48.8044 47.5408 1 0 0 0 -0.013962 0.999903 0 -0.999903 -0.013962 3942c.dat
1 15 -0.0001 -49.4756 -0.5344 0 0 -1 0.999903 -0.013962 0 -0.013962 -0.999903 0 6233.dat
0 !LEOCAD PIECE PIVOT  0 -4.85 0 1 0 0 0 1 0 0 0 1
1 15 -0.0001 -50 -48.4827 1 0 0 0 0 1 0 -1 0 4032a.dat
0 !LEOCAD PIECE PIVOT  -11.0217 0 0 1 0 0 0 1 0 0 0 1
1 14 -0.0001 -50.0001 -36.2457 0 0 -1 0 1 0 1 0 0 44294.dat
1 0 -0.0001 -50 -126.6087 1 0 0 0 1 0 0 0 1 79851.dat
1 0 -0.0002 -50.0001 -86.5666 1 0 0 0 1 0 0 0 1 3713.dat
