0 Untitled Model
0 Name:  PlanktonSample
0 Author:  
0 CustomBrick
0 FlexibleBrickControlPointUnitLength -1
0 NumOfBricks:  61
1 0 0.000000 -10.000000 60.000000 0.000000 1.000000 0.000000 -1.000000 0.000000 0.000000 0.000000 0.000000 1.000000 32184.dat
1 0 0.000000 -10.000000 50.000000 0.000000 0.000000 -1.000000 0.000000 1.000000 0.000000 1.000000 0.000000 0.000000 2780.dat
1 72 -20.000000 -30.000000 60.000000 0.000000 0.000000 1.000000 1.000000 0.000000 0.000000 0.000000 1.000000 0.000000 11214.dat
1 72 20.000000 -30.000010 60.000000 0.000000 0.000000 1.000000 1.000000 0.000000 0.000000 0.000000 1.000000 0.000000 11214.dat
1 27 0.000000 -30.000010 60.000000 0.000000 0.000000 -1.000000 0.000000 1.000000 0.000000 1.000000 0.000000 0.000000 32523.dat
1 27 -20.000000 -50.000000 60.000000 1.000000 0.000000 0.000000 0.000000 1.000000 0.000000 0.000000 0.000000 1.000000 18654.dat
1 27 20.000000 -50.000010 60.000000 1.000000 0.000000 0.000000 0.000000 1.000000 0.000000 0.000000 0.000000 1.000000 18654.dat
1 10 -40.000010 -10.000000 40.000010 0.000000 0.000000 1.000000 -1.000000 0.000000 0.000000 0.000000 -1.000000 0.000000 32526.dat
1 1 -40.000020 -10.000000 40.000010 0.000000 0.000000 -1.000000 0.000000 1.000000 0.000000 1.000000 0.000000 0.000000 6558.dat
1 1 39.999980 -10.000010 40.000010 0.000000 0.000000 -1.000000 0.000000 1.000000 0.000000 1.000000 0.000000 0.000000 6558.dat
1 2 -40.000020 -50.000000 60.000020 1.000000 0.000000 0.000000 0.000000 0.000000 -1.000000 0.000000 1.000000 0.000000 32316.dat
1 2 39.999980 -50.000000 60.000020 1.000000 0.000000 0.000000 0.000000 0.000000 -1.000000 0.000000 1.000000 0.000000 32316.dat
1 0 -40.000030 -89.999980 50.000030 0.000000 0.000000 -1.000000 0.000000 1.000000 0.000000 1.000000 0.000000 0.000000 2780.dat
1 0 39.999970 -90.000000 50.000040 0.000000 0.000000 -1.000000 0.000000 1.000000 0.000000 1.000000 0.000000 0.000000 2780.dat
1 10 39.999980 -89.999980 40.000040 0.000000 0.000000 -1.000000 1.000000 0.000000 0.000000 0.000000 -1.000000 0.000000 32526.dat
1 2 -0.000020 -10.000000 20.000000 0.000000 0.000000 -1.000000 -1.000000 0.000000 0.000000 0.000000 1.000000 0.000000 32316.dat
1 27 0.000000 -9.000010 0.000000 0.000000 0.000000 -1.000000 -1.000000 0.000000 0.000000 0.000000 1.000000 0.000000 32523.dat
1 1 19.999990 -9.000000 0.000000 0.000000 0.000000 -1.000000 0.000000 1.000000 0.000000 1.000000 0.000000 0.000000 6558.dat
1 1 -20.000010 -9.000020 0.000000 0.000000 0.000000 -1.000000 0.000000 1.000000 0.000000 1.000000 0.000000 0.000000 6558.dat
1 1 0.000010 -9.000010 -20.000000 0.000000 0.000000 -1.000000 0.000000 -1.000000 0.000000 -1.000000 0.000000 0.000000 6558.dat
1 2 0.000020 -9.000020 -20.000000 0.000000 0.000000 -1.000000 -1.000000 0.000000 0.000000 0.000000 1.000000 0.000000 32316.dat
1 72 -40.000020 -50.000000 40.000020 0.000000 0.000000 1.000000 0.000000 1.000000 0.000000 -1.000000 0.000000 0.000000 11214.dat
1 72 39.999980 -50.000020 40.000010 0.000000 0.000000 1.000000 0.000000 1.000000 0.000000 -1.000000 0.000000 0.000000 11214.dat
1 27 -40.000020 -50.000000 0.000020 0.000000 1.000000 0.000000 -1.000000 0.000000 0.000000 0.000000 0.000000 1.000000 32034.dat
1 27 39.999980 -50.000020 0.000010 0.000000 1.000000 0.000000 -1.000000 0.000000 0.000000 0.000000 0.000000 1.000000 32034.dat
1 72 -40.000020 -50.000000 -39.999980 0.000000 0.000000 1.000000 0.000000 -1.000000 0.000000 1.000000 0.000000 0.000000 11214.dat
1 72 39.999980 -50.000020 -39.999990 0.000000 0.000000 1.000000 0.000000 -1.000000 0.000000 1.000000 0.000000 0.000000 11214.dat
1 71 39.999980 -60.000020 0.000010 0.000000 0.000000 -1.000000 -1.000000 0.000000 0.000000 0.000000 1.000000 0.000000 4274.dat
1 71 -40.000020 -60.000000 0.000010 0.000000 0.000000 -1.000000 -1.000000 0.000000 0.000000 0.000000 1.000000 0.000000 4274.dat
1 1 -0.000030 -89.999980 30.000040 0.000000 0.000000 1.000000 0.000000 1.000000 0.000000 -1.000000 0.000000 0.000000 43093.dat
1 27 -0.000030 -89.999980 0.000040 0.000000 1.000000 0.000000 -1.000000 0.000000 0.000000 0.000000 0.000000 1.000000 32034.dat
1 71 -0.000030 -99.999980 0.000040 0.000000 0.000000 -1.000000 -1.000000 0.000000 0.000000 0.000000 1.000000 0.000000 4274.dat
1 1 -0.000040 -89.999980 -29.999960 0.000000 0.000000 -1.000000 0.000000 1.000000 0.000000 1.000000 0.000000 0.000000 43093.dat
1 10 -39.999980 -9.000010 -40.000000 0.000000 0.000000 1.000000 -1.000000 0.000000 0.000000 0.000000 -1.000000 0.000000 32526.dat
1 0 -19.999990 -9.000020 -50.000000 0.000000 0.000000 -1.000000 0.000000 1.000000 0.000000 1.000000 0.000000 0.000000 2780.dat
1 0 20.000010 -9.000020 -50.000000 0.000000 0.000000 -1.000000 0.000000 1.000000 0.000000 1.000000 0.000000 0.000000 2780.dat
1 10 39.999960 -89.999980 -39.999950 0.000000 0.000000 -1.000000 1.000000 0.000000 0.000000 0.000000 -1.000000 0.000000 32526.dat
1 0 -40.000050 -89.999980 -49.999980 0.000000 0.000000 -1.000000 0.000000 1.000000 0.000000 1.000000 0.000000 0.000000 2780.dat
1 0 39.999950 -89.999980 -49.999950 0.000000 0.000000 -1.000000 0.000000 1.000000 0.000000 1.000000 0.000000 0.000000 2780.dat
1 1 -40.000000 -9.000010 -39.999990 0.000000 0.000000 -1.000000 0.000000 1.000000 0.000000 1.000000 0.000000 0.000000 6558.dat
1 1 40.000020 -9.000010 -40.000000 0.000000 0.000000 -1.000000 0.000000 1.000000 0.000000 1.000000 0.000000 0.000000 6558.dat
1 2 -40.000010 -49.000010 -59.999970 1.000000 0.000000 0.000000 0.000000 0.000000 -1.000000 0.000000 1.000000 0.000000 32316.dat
1 2 39.999940 -49.999980 -59.999960 1.000000 0.000000 0.000000 0.000000 0.000000 -1.000000 0.000000 1.000000 0.000000 32316.dat
1 27 0.000000 -9.000010 -60.000000 0.000000 0.000000 -1.000000 -1.000000 0.000000 0.000000 0.000000 1.000000 0.000000 32523.dat
1 0 -40.000020 -29.000000 -69.999980 0.000000 0.000000 -1.000000 0.000000 1.000000 0.000000 1.000000 0.000000 0.000000 2780.dat
1 0 39.999940 -29.999980 -69.999980 0.000000 0.000000 -1.000000 0.000000 1.000000 0.000000 1.000000 0.000000 0.000000 2780.dat
1 27 -40.000020 -29.000010 -80.000000 1.000000 0.000000 0.000000 0.000000 0.000000 -1.000000 0.000000 1.000000 0.000000 18654.dat
1 27 39.999940 -29.999980 -79.999980 1.000000 0.000000 0.000000 0.000000 0.000000 -1.000000 0.000000 1.000000 0.000000 18654.dat
1 10 -40.000030 -104.290000 0.000020 -0.984807 0.000000 0.173649 0.000000 -1.000000 0.000000 0.173649 0.000000 0.984808 1747.dat
1 10 -40.000040 -144.290000 0.000010 -0.984808 0.000000 0.173649 0.000000 -1.000000 0.000000 0.173649 0.000000 0.984808 1747.dat
1 10 -0.000040 -144.000000 0.000030 -0.707107 0.000000 0.707107 0.000000 -1.000000 0.000000 0.707107 0.000000 0.707107 1747.dat
1 10 -0.000040 -184.000000 0.000040 -0.707106 0.000000 0.707107 0.000000 -1.000000 0.000000 0.707107 0.000000 0.707106 1747.dat
1 10 39.999970 -104.000000 0.000010 -0.173649 0.000000 -0.984808 0.000000 -1.000000 0.000000 -0.984808 0.000000 0.173649 1747.dat
1 10 39.999970 -144.000000 0.000020 -0.173648 0.000000 -0.984808 0.000000 -1.000000 0.000000 -0.984808 0.000000 0.173648 1747.dat
1 72 -0.000090 -48.904020 40.402400 1.000000 0.000000 0.000000 0.000000 -0.013961 0.999903 0.000000 -0.999903 -0.013961 78258.dat
1 15 -0.000100 -49.022680 31.903200 1.000000 0.000000 0.000000 0.000000 -0.013962 0.999903 0.000000 -0.999903 -0.013962 3942c.dat
1 15 -0.000090 -49.692840 -16.092120 0.000000 0.000000 -1.000000 0.999903 -0.013962 0.000000 -0.013962 -0.999903 0.000000 6233.dat
1 15 -0.000080 -50.000020 -64.089980 1.000000 0.000000 0.000000 0.000000 0.000000 1.000000 0.000000 -1.000000 0.000000 4032a.dat
1 14 -0.000140 -50.000060 -50.699950 0.000000 0.000000 -1.000000 0.000000 1.000000 0.000000 1.000000 0.000000 0.000000 44294.dat
1 0 -0.000120 -50.000040 -142.270000 1.000000 0.000000 0.000000 0.000000 1.000000 0.000000 0.000000 0.000000 1.000000 79851.dat
1 0 -0.000160 -50.000060 -102.050000 1.000000 0.000000 0.000000 0.000000 1.000000 0.000000 0.000000 0.000000 1.000000 3713.dat
