0 Untitled Model
0 Name:  SeaBedSample
0 Author:  
0 CustomBrick
0 FlexibleBrickControlPointUnitLength -1
0 NumOfBricks:  44
1 71 -10.000000 -10.000110 29.999980 -0.000001 0.000000 -1.000000 -1.000000 0.000000 0.000001 0.000000 1.000000 0.000000 73507.dat
1 0 90.000000 -10.000020 19.999970 0.000000 0.000000 -1.000000 0.000000 1.000000 0.000000 1.000000 0.000000 0.000000 2780.dat
1 19 70.000010 -10.000010 9.999969 0.000000 1.000000 0.000000 -1.000000 0.000000 0.000000 0.000000 0.000000 1.000000 6536.dat
1 72 70.000010 -30.000020 9.999969 0.000000 1.000000 0.000000 1.000000 0.000000 0.000000 0.000000 0.000000 -1.000000 11214.dat
1 71 70.000010 -30.000020 -0.000030 1.000000 0.000000 0.000000 0.000000 1.000000 0.000000 0.000000 0.000000 1.000000 43857.dat
1 72 70.000010 -30.000020 -10.000020 0.000000 1.000000 0.000000 1.000000 0.000000 0.000000 0.000000 0.000000 -1.000000 11214.dat
1 19 70.000010 -10.000010 -10.000030 0.000000 1.000000 0.000000 -1.000000 0.000000 0.000000 0.000000 0.000000 1.000000 6536.dat
1 0 90.000000 -10.000020 -20.000030 0.000000 0.000000 -1.000000 0.000000 1.000000 0.000000 1.000000 0.000000 0.000000 2780.dat
1 0 -110.000000 -10.000040 19.999970 0.000000 0.000000 -1.000000 0.000000 1.000000 0.000000 1.000000 0.000000 0.000000 2780.dat
1 19 -90.000030 -10.000040 9.999969 0.000000 -1.000000 0.000000 -1.000000 0.000000 0.000000 0.000000 0.000000 -1.000000 6536.dat
1 72 -90.000030 -30.000040 9.999969 0.000000 1.000000 0.000000 1.000000 0.000000 0.000000 0.000000 0.000000 -1.000000 11214.dat
1 71 -90.000030 -30.000040 -0.000030 1.000000 0.000000 0.000000 0.000000 1.000000 0.000000 0.000000 0.000000 1.000000 43857.dat
1 72 -90.000030 -30.000040 -10.000030 0.000000 1.000000 0.000000 1.000000 0.000000 0.000000 0.000000 0.000000 -1.000000 11214.dat
1 19 -90.000030 -10.000040 -10.000030 0.000000 -1.000000 0.000000 -1.000000 0.000000 0.000000 0.000000 0.000000 -1.000000 6536.dat
1 0 -110.000000 -10.000040 -20.000040 0.000000 0.000000 -1.000000 0.000000 1.000000 0.000000 1.000000 0.000000 0.000000 2780.dat
1 71 -10.000020 -9.999980 -30.000040 -0.000001 0.000000 -1.000000 -1.000000 0.000000 0.000001 0.000000 1.000000 0.000000 73507.dat
1 0 -10.000010 -19.999980 -30.000040 0.000000 0.000000 -1.000000 -1.000000 0.000000 0.000000 0.000000 1.000000 0.000000 2780.dat
1 0 -10.000000 -19.999980 29.999970 0.000000 0.000000 -1.000000 -1.000000 0.000000 0.000000 0.000000 1.000000 0.000000 2780.dat
1 1 -90.000030 -29.999990 -30.000050 0.000000 0.000000 -1.000000 -1.000000 0.000000 0.000000 0.000000 1.000000 0.000000 6558.dat
1 1 70.000000 -29.999980 29.999960 0.000000 0.000000 -1.000000 -1.000000 0.000000 0.000000 0.000000 1.000000 0.000000 6558.dat
1 308 -10.000000 -29.999980 -30.000040 0.000000 0.000000 -1.000000 0.000000 1.000000 0.000000 1.000000 0.000000 0.000000 32525.dat
1 308 -9.999990 -29.999980 29.999970 0.000000 0.000000 -1.000000 0.000000 1.000000 0.000000 1.000000 0.000000 0.000000 32525.dat
1 0 -70.000000 -39.999980 -30.000030 0.000000 0.000000 -1.000000 -1.000000 0.000000 0.000000 0.000000 1.000000 0.000000 2780.dat
1 0 50.000020 -39.999980 29.999950 0.000000 0.000000 -1.000000 -1.000000 0.000000 0.000000 0.000000 1.000000 0.000000 2780.dat
1 71 70.000020 -50.000020 -30.000030 -1.000000 0.000000 0.000000 0.000000 -1.000000 0.000000 0.000000 0.000000 1.000000 32140.dat
1 71 -90.000030 -50.000000 29.999950 1.000000 0.000000 0.000000 0.000000 -1.000000 0.000000 0.000000 0.000000 -1.000000 32140.dat
1 71 -90.001590 -70.000140 10.000130 -0.058258 0.000000 0.998302 0.998302 0.000000 0.058257 0.000000 1.000000 0.000000 6629.dat
1 0 31.923060 -30.829940 -0.000050 0.000000 0.058261 -0.998294 0.000000 -0.998301 -0.058258 -1.000003 0.000000 0.000000 2780.dat
1 1 20.876100 -47.502000 -0.000050 0.000000 -0.833590 0.552364 0.000000 0.552375 0.833596 -1.000002 0.000000 0.000000 43093.dat
1 71 20.876080 -47.502020 -10.000040 0.552363 0.000000 -0.833589 0.833596 0.000000 0.552375 0.000000 -1.000002 0.000000 71708.dat
1 71 -12.470940 -25.406200 -0.000050 0.000000 -0.998294 -0.058261 0.000000 -0.058258 0.998301 -1.000002 0.000000 0.000000 3673.dat
1 71 -47.062710 -45.490640 9.999969 -0.502107 0.000000 0.864796 0.864800 0.000000 0.502109 0.000000 1.000002 0.000000 71708.dat
1 0 -57.104050 -28.194800 -0.000070 0.000000 0.502107 -0.864796 0.000000 -0.864800 -0.502109 -1.000002 0.000000 0.000000 2780.dat
1 1 -47.062690 -45.490660 -0.000070 0.000000 -0.864796 0.502107 0.000000 -0.502109 -0.864800 1.000002 0.000000 0.000000 43093.dat
1 71 64.599450 -68.045750 -9.999790 0.063834 0.000000 -0.997956 0.997963 0.000000 0.063839 0.000000 -0.999996 0.000000 6629.dat
1 19 64.599460 -68.045580 -20.000080 0.000000 0.063834 -0.997952 0.000000 0.997960 0.063839 1.000002 0.000000 0.000000 3749.dat
1 15 -90.000050 -69.999970 9.999960 0.000000 0.058261 -0.998294 0.000000 -0.998301 -0.058258 -1.000002 0.000000 0.000000 18651.dat
1 71 -51.363180 -80.352860 29.999990 -0.258816 0.000000 -0.965918 -0.965924 0.000000 0.258821 0.000000 1.000002 0.000000 32316.dat
1 71 -12.726260 -90.705550 19.999990 0.000000 -0.258815 -0.965917 0.000000 -0.965924 0.258821 -1.000002 0.000000 0.000000 3673.dat
1 71 -12.726250 -90.705550 -0.000060 0.000000 0.000004 0.999992 -0.000001 -0.999998 -0.000001 1.000002 -0.000001 0.000000 30361d.dat
1 71 26.215120 -79.298800 -30.000110 -0.281336 0.000000 0.959602 0.959609 0.000000 0.281332 0.000000 1.000002 0.000000 32316.dat
1 71 -12.167600 -90.552520 -20.000070 0.000000 -0.998294 -0.058261 0.000000 -0.058258 0.998300 -1.000002 0.000000 0.000000 3673.dat
1 14 -12.725610 -132.517200 -0.000060 -0.000003 0.000000 0.999992 0.999999 -0.000001 -0.000001 0.000001 1.000002 0.000000 4519.dat
1 0 -12.725030 -198.727100 -0.000120 0.999992 0.000000 0.000004 -0.000001 -0.000001 -0.999999 0.000000 1.000002 -0.000001 79851.dat
