0 Untitled Model
0 Name:  Shark
0 Author:  
0 CustomBrick
0 FlexibleBrickControlPointUnitLength -1
1 0 -10.000000 -10.002010 -10.000000 1.000000 0.000000 0.000000 0.000000 1.000000 0.000000 0.000000 0.000000 1.000000 39794.dat
1 0 -50.000010 -10.002000 80.000020 0.000000 0.000000 -1.000000 0.000000 1.000000 0.000000 1.000000 0.000000 0.000000 2780.dat
1 0 29.999990 -10.002000 80.000020 0.000000 0.000000 -1.000000 0.000000 1.000000 0.000000 1.000000 0.000000 0.000000 2780.dat
1 0 -50.000000 -10.002020 -100.000000 0.000000 0.000000 -1.000000 0.000000 1.000000 0.000000 1.000000 0.000000 0.000000 2780.dat
1 0 30.000010 -10.002020 -100.000000 0.000000 0.000000 -1.000000 0.000000 1.000000 0.000000 1.000000 0.000000 0.000000 2780.dat
1 72 -10.000010 -10.002000 70.000010 0.000000 0.000000 -1.000000 1.000000 0.000000 0.000000 0.000000 -1.000000 0.000000 32316.dat
1 72 -9.999980 -10.002020 -90.000010 0.000000 0.000000 -1.000000 1.000000 0.000000 0.000000 0.000000 -1.000000 0.000000 32316.dat
1 0 -80.000000 -10.002020 70.000010 -1.000000 0.000000 0.000000 0.000000 1.000000 0.000000 0.000000 0.000000 -1.000000 2780.dat
1 0 -80.000000 -10.002030 30.000010 -1.000000 0.000000 0.000000 0.000000 1.000000 0.000000 0.000000 0.000000 -1.000000 2780.dat
1 0 -80.000000 -10.002030 -9.999990 -1.000000 0.000000 0.000000 0.000000 1.000000 0.000000 0.000000 0.000000 -1.000000 2780.dat
1 0 -80.000000 -10.002030 -50.000000 -1.000000 0.000000 0.000000 0.000000 1.000000 0.000000 0.000000 0.000000 -1.000000 2780.dat
1 72 -90.000000 -10.002030 50.000020 0.000000 1.000000 0.000000 1.000000 0.000000 0.000000 0.000000 0.000000 -1.000000 32316.dat
1 0 -100.000000 -10.002030 50.000040 -1.000000 0.000000 0.000000 0.000000 1.000000 0.000000 0.000000 0.000000 -1.000000 2780.dat
1 0 -100.000000 -10.002030 90.000040 -1.000000 0.000000 0.000000 0.000000 1.000000 0.000000 0.000000 0.000000 -1.000000 2780.dat
1 72 -130.000000 -10.002030 70.000050 1.000000 0.000000 0.000000 0.000000 1.000000 0.000000 0.000000 0.000000 1.000000 39793.dat
1 72 -110.000000 -10.002030 -29.999980 1.000000 0.000000 0.000000 0.000000 1.000000 0.000000 0.000000 0.000000 1.000000 39793.dat
1 0 -110.000000 -20.002030 -49.999980 0.000000 -1.000000 0.000000 -1.000000 0.000000 0.000000 0.000000 0.000000 -1.000000 2780.dat
1 0 -110.000000 -20.002030 -9.999980 0.000000 -1.000000 0.000000 -1.000000 0.000000 0.000000 0.000000 0.000000 -1.000000 2780.dat
1 0 -150.000000 -20.002020 70.000060 0.000000 -1.000000 0.000000 -1.000000 0.000000 0.000000 0.000000 0.000000 -1.000000 2780.dat
1 0 -110.000000 -20.002030 70.000060 0.000000 -1.000000 0.000000 -1.000000 0.000000 0.000000 0.000000 0.000000 -1.000000 2780.dat
1 0 -70.000010 -20.000000 90.000010 0.000000 -1.000000 0.000000 -1.000000 0.000000 0.000000 0.000000 0.000000 -1.000000 2780.dat
1 1 -30.000010 -30.000000 90.000000 0.000000 -1.000000 0.000000 -1.000000 0.000000 0.000000 0.000000 0.000000 -1.000000 6558.dat
1 72 -50.000020 -30.000000 90.000020 0.000000 0.000000 1.000000 0.000000 -1.000000 0.000000 1.000000 0.000000 0.000000 32271.dat
1 0 50.000000 -20.000000 90.000010 0.000000 -1.000000 0.000000 -1.000000 0.000000 0.000000 0.000000 0.000000 -1.000000 2780.dat
1 72 -130.000000 -30.002030 -29.999980 0.000000 0.000000 -1.000000 0.000000 1.000000 0.000000 1.000000 0.000000 0.000000 3167.dat
1 72 -130.000000 -30.002030 90.000070 1.000000 0.000000 0.000000 0.000000 1.000000 0.000000 0.000000 0.000000 1.000000 3167.dat
1 0 -110.000000 -40.002020 90.000070 0.000000 -1.000000 0.000000 -1.000000 0.000000 0.000000 0.000000 0.000000 -1.000000 2780.dat
1 72 -69.999750 -110.000300 109.999900 0.000000 0.000000 -1.000000 1.000000 0.000000 0.000000 0.000000 -1.000000 0.000000 18945.dat
1 0 -120.000200 -49.999920 110.000000 1.000003 0.000000 0.000000 0.000000 0.000000 1.000000 0.000000 -1.000003 0.000000 2780.dat
1 0 -120.000100 -170.000100 110.000000 1.000003 0.000000 0.000000 0.000000 0.000000 1.000000 0.000000 -1.000003 0.000000 2780.dat
1 72 -150.000200 -110.000100 109.999500 0.000000 -0.000001 1.000002 -1.000000 0.000000 0.000000 0.000000 -1.000003 0.000000 15458.dat
1 0 -110.000100 -30.000020 120.000000 0.000001 1.000003 0.000000 0.000000 0.000000 1.000000 1.000003 -0.000001 0.000001 2780.dat
1 0 -170.000500 -29.999940 120.000000 0.000001 1.000003 0.000000 0.000000 0.000000 1.000000 1.000003 -0.000001 0.000001 2780.dat
1 0 -180.000500 -170.000100 110.000000 1.000003 0.000000 0.000000 0.000000 0.000000 1.000000 0.000000 -1.000003 0.000000 2780.dat
1 0 -180.000500 -110.000200 110.000000 1.000003 0.000000 0.000000 0.000000 0.000000 1.000000 0.000000 -1.000003 0.000000 2780.dat
1 71 -70.000020 -30.000000 90.000010 0.000000 0.000000 -1.000003 0.000000 1.000000 0.000000 1.000003 0.000000 0.000000 15100.dat
1 71 -130.000200 -30.000100 109.999500 0.000000 0.000000 1.000000 0.000000 1.000000 0.000000 -1.000000 0.000000 0.000000 32054.dat
1 72 -50.000030 -90.002040 90.000080 -1.000000 0.000000 0.000000 0.000000 0.000000 1.000000 0.000000 1.000000 0.000000 18945.dat
1 72 -149.999700 -150.002700 -9.999969 1.000001 0.000000 0.000000 0.000000 -1.000004 0.000000 0.000000 0.000000 -1.000001 32523.dat
1 1 -149.999700 -150.002700 10.000070 0.000000 0.000000 -1.000001 1.000004 0.000000 0.000000 0.000000 -1.000001 0.000000 6558.dat
1 1 -149.999700 -150.002700 -9.999969 0.000000 0.000000 -1.000001 1.000004 0.000000 0.000000 0.000000 -1.000001 0.000000 6558.dat
1 72 -149.999800 -70.002130 -9.999900 0.000000 1.000001 0.000000 1.000004 0.000000 0.000000 0.000000 0.000000 -1.000001 71709.dat
1 0 -149.999800 -50.002200 -39.999940 0.000000 -1.000001 0.000000 0.000000 0.000000 1.000004 -1.000001 0.000000 0.000000 2780.dat
1 4 -149.999800 -90.002410 -39.999950 0.000000 -1.000001 0.000000 0.000000 0.000000 1.000004 -1.000000 0.000000 0.000000 89678.dat
1 27 -149.999800 -30.002030 -49.999960 1.000001 0.000001 0.000000 0.000001 -1.000004 0.000000 0.000000 0.000000 -1.000000 42003.dat
1 1 -140.000000 -10.002040 -49.999980 -1.000000 0.000000 0.000000 0.000000 0.000000 -1.000000 0.000000 -1.000000 0.000000 43093.dat
1 0 -159.999700 -110.002300 10.000110 -1.000001 0.000000 0.000000 0.000000 0.000000 1.000004 0.000000 1.000000 0.000000 2780.dat
1 0 -159.999800 -30.002010 10.000150 -1.000001 0.000000 0.000000 0.000000 0.000000 1.000004 0.000000 1.000000 0.000000 2780.dat
1 15 -149.999800 -90.002440 -55.999960 0.707108 0.000000 0.707107 0.707109 0.000000 -0.707109 0.000000 1.000000 0.000000 24866.dat
1 10 -149.999800 -90.002440 -47.999950 0.707108 0.000000 0.707107 0.707109 0.000000 -0.707109 0.000000 1.000000 0.000000 32607.dat
1 71 -150.000000 -30.002030 -29.999970 1.000000 0.000000 0.000000 0.000000 1.000000 0.000000 0.000000 0.000000 1.000000 32054.dat
1 72 -190.000500 -69.999950 90.000200 0.000000 1.000000 0.000000 -1.000001 0.000000 0.000000 -0.000001 0.000000 1.000002 71709.dat
1 0 -190.000500 -49.999900 60.000090 0.000000 0.000000 1.000000 0.000000 1.000001 0.000000 -1.000002 0.000000 0.000000 2780.dat
1 0 -190.000500 -89.999920 60.000080 0.000000 0.000000 1.000000 0.000000 1.000001 0.000000 -1.000002 0.000000 0.000000 2780.dat
1 72 -190.000500 -69.999950 50.000070 -1.000000 0.000000 0.000000 0.000000 0.000000 1.000001 0.000000 1.000002 0.000000 24119.dat
1 0 -170.000500 -140.000100 10.000060 0.000000 0.000000 1.000000 -1.000001 0.000000 0.000000 0.000000 -1.000002 0.000000 2780.dat
1 0 -190.000500 -140.000100 50.000030 0.000000 0.000000 1.000000 -1.000001 0.000000 0.000000 0.000000 -1.000002 0.000000 2780.dat
1 0 -190.000500 -140.000100 90.000210 0.000000 0.000000 1.000000 -1.000001 0.000000 0.000000 0.000000 -1.000002 0.000000 2780.dat
1 1 -190.000500 -140.000100 110.000200 0.000000 0.000000 -1.000000 -1.000002 0.000000 0.000000 0.000000 1.000002 0.000000 43093.dat
1 71 -210.000600 -150.000100 70.000020 -1.000000 0.000000 0.000000 0.000000 0.000000 -1.000001 0.000000 -1.000002 0.000000 87080.dat
1 72 -190.001200 -150.000100 50.000200 1.000000 0.000000 0.000000 0.000000 0.000000 -1.000000 0.000000 1.000000 0.000000 2403.dat
1 72 -53.536900 -170.002800 81.378810 0.594823 0.000000 -0.803857 0.000000 -1.000000 0.000000 -0.803857 0.000000 -0.594823 32271.dat
1 71 -117.845400 -180.002800 33.793000 0.000000 0.000000 -1.000000 -1.000000 0.000000 0.000000 0.000000 1.000000 0.000000 61184.dat
1 4 -85.691170 -160.002800 57.585910 0.000000 0.000000 -1.000000 1.000000 0.000000 0.000000 0.000000 -1.000000 0.000000 89678.dat
1 1 -69.614040 -180.002800 69.482360 0.000000 0.000000 -1.000000 -1.000000 0.000000 0.000000 0.000000 1.000000 0.000000 43093.dat
1 35 -85.691170 -160.002800 57.585910 1.000000 0.000000 0.000000 0.000000 -1.000000 0.000000 0.000000 0.000000 -1.000000 30385.dat
1 72 -69.614040 -190.002800 89.482360 -1.000000 0.000000 0.000000 0.000000 1.000000 0.000000 0.000000 0.000000 -1.000000 2403.dat
1 71 -69.999740 -190.000300 109.999900 0.000000 0.000000 1.000000 0.000000 1.000000 0.000000 -1.000000 0.000000 0.000000 32054.dat
1 71 -150.000100 -10.000030 150.000100 0.000000 -1.000000 0.000000 0.000000 0.000000 -1.000000 1.000000 0.000000 0.000000 87080.dat
1 72 -170.000500 -9.999949 130.000100 0.000000 1.000000 0.000000 0.000000 0.000000 1.000000 1.000000 0.000000 0.000000 2438.dat
1 27 93.999980 -50.000000 122.000000 0.000000 -0.804822 0.593516 1.000000 0.000000 0.000000 0.000000 0.593516 0.804822 22961.dat
1 71 102.048200 -50.000000 116.064800 0.804822 0.000000 0.593516 0.000000 1.000000 0.000000 -0.593516 0.000000 0.804822 3673.dat
1 14 86.642070 -43.806810 78.325020 0.091894 -0.804822 0.586359 0.987941 0.000000 -0.154830 0.124610 0.593516 0.795117 41239.dat
1 1 133.550800 -56.193200 141.934400 -0.804822 -0.000932 -0.593516 0.000000 0.999999 -0.001571 0.593516 -0.001264 -0.804821 6558.dat
1 1 157.005200 -62.386390 173.739100 -0.804822 -0.000932 -0.593515 0.000000 0.999999 -0.001571 0.593516 -0.001264 -0.804821 6558.dat
1 4 113.775400 -53.096610 131.967200 -0.804822 -0.000932 -0.593516 0.000000 0.999999 -0.001570 0.593516 -0.001264 -0.804821 89678.dat
1 14 177.508100 -58.913400 134.146500 0.804822 0.103063 0.584499 0.000000 0.984808 -0.173649 -0.593516 0.139757 0.792595 39793.dat
1 14 113.047900 -59.666180 181.526900 0.804822 0.103063 0.584499 0.000000 0.984808 -0.173649 -0.593516 0.139757 0.792595 39793.dat
1 71 -50.000340 -66.527060 -90.303920 0.000000 1.000004 0.000000 0.984808 0.000000 -0.173648 -0.173648 0.000000 -0.984810 73507.dat
1 0 -40.000240 -49.162180 8.177100 -1.000004 0.000000 0.000000 0.000000 0.984808 -0.173648 0.000000 -0.173648 -0.984810 2780.dat
1 0 -40.000280 -56.108100 -31.215320 -1.000004 0.000000 0.000000 0.000000 0.984808 -0.173648 0.000000 -0.173648 -0.984810 2780.dat
1 14 -10.000190 -52.635140 -11.519100 1.000004 0.000000 0.000000 0.000000 0.984808 0.173648 0.000000 -0.173648 0.984810 39793.dat
1 0 19.999950 -49.162190 8.177090 -1.000004 0.000000 0.000000 0.000000 0.984808 -0.173648 0.000000 -0.173648 -0.984810 2780.dat
1 0 19.999940 -56.108120 -31.215330 -1.000004 0.000000 0.000000 0.000000 0.984808 -0.173648 0.000000 -0.173648 -0.984810 2780.dat
1 19 -40.000290 -69.999980 -110.000200 1.000004 0.000000 0.000000 0.000000 1.000000 0.000000 0.000000 0.000000 1.000002 32002.dat
1 0 -10.000140 -19.999990 -110.000100 0.000000 0.000000 -1.000004 -0.000002 1.000000 0.000000 1.000002 0.000001 0.000000 87408.dat
1 19 20.000000 -69.999980 -110.000100 -1.000004 0.000000 0.000000 0.000000 1.000000 0.000000 0.000000 0.000000 -1.000002 32002.dat
1 1 -30.000200 -19.999990 -110.000100 0.000000 -1.000004 0.000000 -1.000000 0.000000 0.000002 -0.000002 0.000000 -1.000002 43093.dat
1 1 9.999990 -19.999990 -110.000000 0.000000 -1.000004 0.000000 -1.000000 0.000000 0.000002 -0.000002 0.000000 -1.000002 43093.dat
1 71 30.000040 -66.527050 -90.303890 0.000000 1.000004 0.000000 0.984808 0.000000 -0.173648 -0.173648 0.000000 -0.984810 73507.dat
1 1 30.000050 -90.266990 -167.352200 0.000000 -1.000004 0.000000 0.984808 0.000000 0.173648 -0.173648 0.000000 0.984810 43093.dat
1 1 -50.000340 -90.267020 -167.352300 0.000000 -1.000004 0.000000 0.984808 0.000000 0.173648 -0.173648 0.000000 0.984810 43093.dat
1 72 -10.000340 -86.223340 -86.830860 0.000000 0.000000 -1.000000 0.173648 0.984808 0.000000 0.984808 -0.173648 0.000000 64782.dat
1 1 -50.000290 -65.385440 31.346200 0.000000 -1.000004 0.000000 0.173648 0.000000 -0.984808 0.984810 0.000000 0.173648 6558.dat
1 1 30.000120 -65.385420 31.346190 0.000000 -1.000004 0.000000 0.173648 0.000000 -0.984808 0.984810 0.000000 0.173648 6558.dat
1 4 40.000130 -75.804340 -27.742400 1.000004 0.000000 0.000000 0.000000 0.985080 0.172102 0.000000 -0.172102 0.985081 89678.dat
1 4 -60.000280 -75.804340 -27.742400 -1.000004 0.000000 0.000000 0.000000 0.984534 -0.175194 0.000000 -0.175194 -0.984536 89678.dat
1 72 -10.000080 -65.385440 31.346160 0.000000 0.000000 -1.000004 0.984808 -0.173648 0.000000 -0.173648 -0.984810 0.000000 32316.dat
1 72 -10.000110 -61.912500 51.042360 0.000000 0.000000 -1.000004 0.984808 -0.173648 0.000000 -0.173648 -0.984810 0.000000 32316.dat
1 72 30.000070 -72.331340 -8.046130 0.000000 1.000004 0.000000 -0.984808 0.000000 0.173648 0.173648 0.000000 0.984810 11214.dat
1 72 -50.000260 -72.331380 -8.046180 0.000000 1.000004 0.000000 -0.984808 0.000000 0.173648 0.173648 0.000000 0.984810 11214.dat
1 72 -60.000290 -92.027570 -4.573230 0.000000 1.000004 0.000000 -0.173648 0.000000 -0.984808 -0.984810 0.000000 0.173648 73230.dat
1 72 40.000070 -92.027500 -4.573160 0.000000 -1.000004 0.000000 0.173648 0.000000 -0.984808 0.984810 0.000000 0.173648 73230.dat
1 71 48.000140 -72.331360 -8.046150 0.000000 -1.000004 0.000000 -0.984808 0.000000 -0.173648 0.173648 0.000000 -0.984810 14719.dat
1 71 -68.000320 -72.331380 -8.046170 0.000001 1.000004 0.000000 -0.173648 0.000000 -0.984808 -0.984810 0.000001 0.173648 14719.dat
1 15 -10.000360 -110.081500 -72.408870 0.000000 0.000000 -1.000000 0.173648 0.984808 0.000000 0.984808 -0.173648 0.000000 3832.dat
1 15 -10.000350 -129.182700 -180.737800 1.000000 0.000000 0.000000 0.000000 0.984808 0.173648 0.000000 -0.173648 0.984808 32803.dat
1 15 -30.000360 -95.257130 -34.405700 0.000000 0.000000 1.000000 -0.173648 0.984808 0.000000 -0.984808 -0.173648 0.000000 26601.dat
1 15 9.999590 -95.257130 -34.405740 1.000000 0.000000 0.000000 0.000000 0.984808 0.173648 0.000000 -0.173648 0.984808 26601.dat
1 15 -0.000350 -107.412500 -103.342300 0.000000 0.000000 -1.000000 0.173648 0.984808 0.000000 0.984808 -0.173648 0.000000 78329.dat
1 15 -20.000350 -107.412500 -103.342300 0.000000 0.000000 -1.000000 0.173648 0.984808 0.000000 0.984808 -0.173648 0.000000 78329.dat
1 71 -10.000370 -102.331700 17.613030 -1.000000 0.000000 0.000000 0.000000 0.984808 -0.173648 0.000000 -0.173648 -0.984808 14704.dat
1 71 -10.000360 -111.014100 -31.627380 0.000000 0.000000 -1.000000 0.173648 0.984808 0.000000 0.984808 -0.173648 0.000000 3020.dat
1 71 -20.000350 -121.432900 -90.715870 0.000000 0.000000 1.000000 -0.173648 0.984808 0.000000 -0.984808 -0.173648 0.000000 14704.dat
1 71 -0.000350 -121.432900 -90.715850 0.000000 0.000000 -1.000000 0.173648 0.984808 0.000000 0.984808 -0.173648 0.000000 14704.dat
1 15 -10.000350 -126.642300 -120.260100 1.000000 0.000000 0.000000 0.000000 0.984808 0.173648 0.000000 -0.173648 0.984808 3023b.dat
1 71 -10.000340 -122.365500 -49.934360 0.000000 0.000000 -1.000000 0.173648 0.984808 0.000000 0.984808 -0.173648 0.000000 3034.dat
1 71 -0.000350 -130.115300 -139.956300 0.000000 0.000000 -1.000000 0.173648 0.984808 0.000000 0.984808 -0.173648 0.000000 36840.dat
1 71 -20.000350 -130.115300 -139.956300 0.000000 0.000000 1.000000 -0.173648 0.984808 0.000000 -0.984808 -0.173648 0.000000 36840.dat
1 71 -10.000330 -119.825100 10.543300 1.000000 0.000000 0.000000 0.000000 0.984808 0.173648 0.000000 -0.173648 0.984808 87580.dat
1 71 -10.000340 -126.771000 -28.849020 1.000000 0.000000 0.000000 0.000000 0.984808 0.173648 0.000000 -0.173648 0.984808 87580.dat
1 71 -10.000340 -133.716900 -68.241340 1.000000 0.000000 0.000000 0.000000 0.984808 0.173648 0.000000 -0.173648 0.984808 87580.dat
1 71 -10.000350 -147.608700 -147.026000 1.000000 0.000000 0.000000 0.000000 0.984808 0.173648 0.000000 -0.173648 0.984808 93606.dat
1 71 -10.000350 -138.926300 -97.785570 1.000000 0.000000 0.000000 0.000000 0.984808 0.173648 0.000000 -0.173648 0.984808 3069b.dat
1 71 -10.000340 -150.406400 -24.681480 1.000000 0.000000 0.000000 0.000000 0.984808 0.173648 0.000000 -0.173648 0.984808 4286.dat
1 71 -10.000330 -119.825100 10.543300 1.000000 0.000000 0.000000 0.000000 0.984808 0.173648 0.000000 -0.173648 0.984808 54200.dat
1 72 -6.000360 -112.050800 61.250810 0.000000 -1.000000 0.000000 0.570714 0.000000 0.821149 -0.821149 0.000000 0.570714 22890.dat
1 71 1.999630 -106.343600 53.039310 0.000000 -1.000000 0.000000 0.821149 0.000000 -0.570714 0.570714 0.000000 0.821149 14719.dat
1 72 49.544500 -122.711600 -87.411490 -0.984812 -0.000136 0.173630 0.044809 0.965926 0.254911 -0.167749 0.258818 -0.951249 22890.dat
1 72 -69.545200 -122.711500 -87.411320 0.984810 0.000137 0.173638 0.044810 0.965926 -0.254910 -0.167756 0.258818 0.951247 22890.dat
1 71 61.129000 -128.336800 -97.317730 -0.173631 -0.000014 -0.984812 -0.255005 0.965895 0.044946 0.951223 0.258936 -0.167713 43722.dat
1 71 -81.129510 -128.341800 -97.317210 -0.173637 -0.000019 0.984810 0.254815 0.965945 0.044947 -0.951273 0.258749 -0.167718 43723.dat
1 0 21.999640 -132.084900 -139.609000 0.000000 -1.000000 0.000000 0.984808 0.000000 0.173648 -0.173648 0.000000 0.984808 98138.dat
1 0 -42.000340 -132.084900 -139.609000 0.000000 1.000000 0.000000 0.984808 0.000000 -0.173648 -0.173648 0.000000 -0.984808 98138.dat
