0 Untitled Model
0 Name:  Shark
0 Author: 
0 CustomBrick
0 FlexibleBrickControlPointUnitLength -1
1 0 -10 -10.002 -10 1 0 0 0 1 0 0 0 1 39794.dat
1 0 -50 -10.002 80 0 0 -1 0 1 0 1 0 0 2780.dat
1 0 30 -10.002 80 0 0 -1 0 1 0 1 0 0 2780.dat
1 0 -50 -10.002 -100 0 0 -1 0 1 0 1 0 0 2780.dat
1 0 30 -10.002 -100 0 0 -1 0 1 0 1 0 0 2780.dat
1 72 -10 -10.002 70 0 0 -1 1 0 0 0 -1 0 32316.dat
1 72 -10 -10.002 -90 0 0 -1 1 0 0 0 -1 0 32316.dat
1 0 -80 -10.002 70 -1 0 0 0 1 0 0 0 -1 2780.dat
1 0 -80 -10.002 30 -1 0 0 0 1 0 0 0 -1 2780.dat
1 0 -80 -10.002 -10 -1 0 0 0 1 0 0 0 -1 2780.dat
1 0 -80 -10.002 -50 -1 0 0 0 1 0 0 0 -1 2780.dat
1 72 -90 -10.002 50 0 1 0 1 0 0 0 0 -1 32316.dat
1 0 -100 -10.002 50 -1 0 0 0 1 0 0 0 -1 2780.dat
1 0 -100 -10.002 90 -1 0 0 0 1 0 0 0 -1 2780.dat
1 72 -130 -10.002 70.0001 1 0 0 0 1 0 0 0 1 39793.dat
1 72 -110 -10.002 -30 1 0 0 0 1 0 0 0 1 39793.dat
1 0 -110 -20.002 -50 0 -1 0 -1 0 0 0 0 -1 2780.dat
1 0 -110 -20.002 -10 0 -1 0 -1 0 0 0 0 -1 2780.dat
1 0 -150 -20.002 70.0001 0 -1 0 -1 0 0 0 0 -1 2780.dat
1 0 -110 -20.002 70.0001 0 -1 0 -1 0 0 0 0 -1 2780.dat
1 0 -70 -20 90 0 -1 0 -1 0 0 0 0 -1 2780.dat
1 1 -30 -30 90 0 -1 0 -1 0 0 0 0 -1 6558.dat
1 72 -50 -30 90 0 0 1 0 -1 0 1 0 0 32271.dat
1 0 50 -20 90 0 -1 0 -1 0 0 0 0 -1 2780.dat
1 72 -130 -30.002 -30 0 0 -1 0 1 0 1 0 0 3167.dat
1 72 -130 -30.002 90.0001 1 0 0 0 1 0 0 0 1 3167.dat
1 0 -110 -40.002 90.0001 0 -1 0 -1 0 0 0 0 -1 2780.dat
1 72 -69.9997 -110.0003 109.9999 0 0 -1 1 0 0 0 -1 0 18945.dat
1 0 -120.0002 -49.9999 110 1.000003 0 0 0 0 1 0 -1.000003 0 2780.dat
1 0 -120.0001 -170.0001 110 1.000003 0 0 0 0 1 0 -1.000003 0 2780.dat
1 72 -150.0002 -110.0001 109.9995 0 -0.000001 1.000002 -1 0 0 0 -1.000003 0 15458.dat
1 0 -110.0001 -30 120 0.000001 1.000003 0 0 0 1 1.000003 -0.000001 0.000001 2780.dat
1 0 -170.0005 -29.9999 120 0.000001 1.000003 0 0 0 1 1.000003 -0.000001 0.000001 2780.dat
1 0 -180.0005 -170.0001 110 1.000003 0 0 0 0 1 0 -1.000003 0 2780.dat
1 0 -180.0005 -110.0002 110 1.000003 0 0 0 0 1 0 -1.000003 0 2780.dat
1 71 -70 -30 90 0 0 -1.000003 0 1 0 1.000003 0 0 15100.dat
1 71 -130.0002 -30.0001 109.9995 0 0 1 0 1 0 -1 0 0 32054.dat
1 72 -50 -90.002 90.0001 -1 0 0 0 0 1 0 1 0 18945.dat
1 72 -149.9997 -150.0027 -10 1.000001 0 0 0 -1.000004 0 0 0 -1.000001 32523.dat
1 1 -149.9997 -150.0027 10.0001 0 0 -1.000001 1.000004 0 0 0 -1.000001 0 6558.dat
1 1 -149.9997 -150.0027 -10 0 0 -1.000001 1.000004 0 0 0 -1.000001 0 6558.dat
1 72 -149.9998 -70.0021 -9.9999 0 1.000001 0 1.000004 0 0 0 0 -1.000001 71709.dat
1 0 -149.9998 -50.0022 -39.9999 0 -1.000001 0 0 0 1.000004 -1.000001 0 0 2780.dat
1 4 -149.9998 -90.0024 -40 0 -1.000001 0 0 0 1.000004 -1 0 0 89678.dat
1 27 -149.9998 -30.002 -50 1.000001 0.000001 0 0.000001 -1.000004 0 0 0 -1 42003.dat
1 1 -140 -10.002 -50 -1 0 0 0 0 -1 0 -1 0 43093.dat
1 0 -159.9997 -110.0023 10.0001 -1.000001 0 0 0 0 1.000004 0 1 0 2780.dat
1 0 -159.9998 -30.002 10.0001 -1.000001 0 0 0 0 1.000004 0 1 0 2780.dat
1 15 -149.9998 -90.0024 -56 0.707108 0 0.707107 0.707109 0 -0.707109 0 1 0 24866.dat
1 10 -149.9998 -90.0024 -48 0.707108 0 0.707107 0.707109 0 -0.707109 0 1 0 32607.dat
1 71 -150 -30.002 -30 1 0 0 0 1 0 0 0 1 32054.dat
1 72 -190.0005 -69.9999 90.0002 0 1 0 -1.000001 0 0 -0.000001 0 1.000002 71709.dat
1 0 -190.0005 -49.9999 60.0001 0 0 1 0 1.000001 0 -1.000002 0 0 2780.dat
1 0 -190.0005 -89.9999 60.0001 0 0 1 0 1.000001 0 -1.000002 0 0 2780.dat
1 72 -190.0005 -69.9999 50.0001 -1 0 0 0 0 1.000001 0 1.000002 0 24119.dat
1 0 -170.0005 -140.0001 10.0001 0 0 1 -1.000001 0 0 0 -1.000002 0 2780.dat
1 0 -190.0005 -140.0001 50 0 0 1 -1.000001 0 0 0 -1.000002 0 2780.dat
1 0 -190.0005 -140.0001 90.0002 0 0 1 -1.000001 0 0 0 -1.000002 0 2780.dat
1 1 -190.0005 -140.0001 110.0002 0 0 -1 -1.000002 0 0 0 1.000002 0 43093.dat
1 71 -210.0006 -150.0001 70 -1 0 0 0 0 -1.000001 0 -1.000002 0 87080.dat
1 72 -190.0012 -150.0001 50.0002 1 0 0 0 0 -1 0 1 0 2403.dat
1 72 -53.5369 -170.0028 81.3788 0.594823 0 -0.803857 0 -1 0 -0.803857 0 -0.594823 32271.dat
1 71 -117.8454 -180.0028 33.793 0 0 -1 -1 0 0 0 1 0 61184.dat
1 4 -85.6912 -160.0028 57.5859 0 0 -1 1 0 0 0 -1 0 89678.dat
1 1 -69.614 -180.0028 69.4824 0 0 -1 -1 0 0 0 1 0 43093.dat
1 35 -85.6912 -160.0028 57.5859 1 0 0 0 -1 0 0 0 -1 30385.dat
1 72 -69.614 -190.0028 89.4824 -1 0 0 0 1 0 0 0 -1 2403.dat
1 71 -69.9997 -190.0003 109.9999 0 0 1 0 1 0 -1 0 0 32054.dat
1 71 -150.0001 -10 150.0001 0 -1 0 0 0 -1 1 0 0 87080.dat
1 72 -170.0005 -9.9999 130.0001 0 1 0 0 0 1 1 0 0 2438.dat
1 27 94 -50 122 0 -0.804822 0.593516 1 0 0 0 0.593516 0.804822 22961.dat
1 71 102.0482 -50 116.0648 0.804822 0 0.593516 0 1 0 -0.593516 0 0.804822 3673.dat
1 14 86.6421 -43.8068 78.325 0.091894 -0.804822 0.586359 0.987941 0 -0.15483 0.12461 0.593516 0.795117 41239.dat
1 1 133.5508 -56.1932 141.9344 -0.804822 -0.000932 -0.593516 0 0.999999 -0.001571 0.593516 -0.001264 -0.804821 6558.dat
1 1 157.0052 -62.3864 173.7391 -0.804822 -0.000932 -0.593515 0 0.999999 -0.001571 0.593516 -0.001264 -0.804821 6558.dat
1 4 113.7754 -53.0966 131.9672 -0.804822 -0.000932 -0.593516 0 0.999999 -0.00157 0.593516 -0.001264 -0.804821 89678.dat
1 14 177.5081 -58.9134 134.1465 0.804822 0.103063 0.584499 0 0.984808 -0.173649 -0.593516 0.139757 0.792595 39793.dat
1 14 113.0479 -59.6662 181.5269 0.804822 0.103063 0.584499 0 0.984808 -0.173649 -0.593516 0.139757 0.792595 39793.dat
1 71 -50.0003 -66.5271 -90.3039 0 1.000004 0 0.984808 0 -0.173648 -0.173648 0 -0.98481 73507.dat
1 0 -40.0002 -49.1622 8.1771 -1.000004 0 0 0 0.984808 -0.173648 0 -0.173648 -0.98481 2780.dat
1 0 -40.0003 -56.1081 -31.2153 -1.000004 0 0 0 0.984808 -0.173648 0 -0.173648 -0.98481 2780.dat
1 14 -10.0002 -52.6351 -11.5191 1.000004 0 0 0 0.984808 0.173648 0 -0.173648 0.98481 39793.dat
1 0 20 -49.1622 8.1771 -1.000004 0 0 0 0.984808 -0.173648 0 -0.173648 -0.98481 2780.dat
1 0 19.9999 -56.1081 -31.2153 -1.000004 0 0 0 0.984808 -0.173648 0 -0.173648 -0.98481 2780.dat
1 19 -40.0003 -70 -110.0002 1.000004 0 0 0 1 0 0 0 1.000002 32002.dat
1 0 -10.0001 -20 -110.0001 0 0 -1.000004 -0.000002 1 0 1.000002 0.000001 0 87408.dat
1 19 20 -70 -110.0001 -1.000004 0 0 0 1 0 0 0 -1.000002 32002.dat
1 1 -30.0002 -20 -110.0001 0 -1.000004 0 -1 0 0.000002 -0.000002 0 -1.000002 43093.dat
1 1 10 -20 -110 0 -1.000004 0 -1 0 0.000002 -0.000002 0 -1.000002 43093.dat
1 71 30 -66.527 -90.3039 0 1.000004 0 0.984808 0 -0.173648 -0.173648 0 -0.98481 73507.dat
1 1 30 -90.267 -167.3522 0 -1.000004 0 0.984808 0 0.173648 -0.173648 0 0.98481 43093.dat
1 1 -50.0003 -90.267 -167.3523 0 -1.000004 0 0.984808 0 0.173648 -0.173648 0 0.98481 43093.dat
1 72 -10.0003 -86.2233 -86.8309 0 0 -1 0.173648 0.984808 0 0.984808 -0.173648 0 64782.dat
1 1 -50.0003 -65.3854 31.3462 0 -1.000004 0 0.173648 0 -0.984808 0.98481 0 0.173648 6558.dat
1 1 30.0001 -65.3854 31.3462 0 -1.000004 0 0.173648 0 -0.984808 0.98481 0 0.173648 6558.dat
1 4 40.0001 -75.8043 -27.7424 1.000004 0 0 0 0.98508 0.172102 0 -0.172102 0.985081 89678.dat
1 4 -60.0003 -75.8043 -27.7424 -1.000004 0 0 0 0.984534 -0.175194 0 -0.175194 -0.984536 89678.dat
1 72 -10.0001 -65.3854 31.3462 0 0 -1.000004 0.984808 -0.173648 0 -0.173648 -0.98481 0 32316.dat
1 72 -10.0001 -61.9125 51.0424 0 0 -1.000004 0.984808 -0.173648 0 -0.173648 -0.98481 0 32316.dat
1 72 30.0001 -72.3313 -8.0461 0 1.000004 0 -0.984808 0 0.173648 0.173648 0 0.98481 11214.dat
1 72 -50.0003 -72.3314 -8.0462 0 1.000004 0 -0.984808 0 0.173648 0.173648 0 0.98481 11214.dat
1 72 -60.0003 -92.0276 -4.5732 0 1.000004 0 -0.173648 0 -0.984808 -0.98481 0 0.173648 73230.dat
1 72 40.0001 -92.0275 -4.5732 0 -1.000004 0 0.173648 0 -0.984808 0.98481 0 0.173648 73230.dat
1 71 48.0001 -72.3314 -8.0462 0 -1.000004 0 -0.984808 0 -0.173648 0.173648 0 -0.98481 14719.dat
1 71 -68.0003 -72.3314 -8.0462 0.000001 1.000004 0 -0.173648 0 -0.984808 -0.98481 0.000001 0.173648 14719.dat
1 15 -10.0004 -110.0815 -72.4089 0 0 -1 0.173648 0.984808 0 0.984808 -0.173648 0 3832.dat
1 15 -10.0003 -129.1827 -180.7378 1 0 0 0 0.984808 0.173648 0 -0.173648 0.984808 32803.dat
1 15 -30.0004 -95.2571 -34.4057 0 0 1 -0.173648 0.984808 0 -0.984808 -0.173648 0 26601.dat
1 15 9.9996 -95.2571 -34.4057 1 0 0 0 0.984808 0.173648 0 -0.173648 0.984808 26601.dat
1 15 -0.0003 -107.4125 -103.3423 0 0 -1 0.173648 0.984808 0 0.984808 -0.173648 0 78329.dat
1 15 -20.0004 -107.4125 -103.3423 0 0 -1 0.173648 0.984808 0 0.984808 -0.173648 0 78329.dat
1 71 -10.0004 -102.3317 17.613 -1 0 0 0 0.984808 -0.173648 0 -0.173648 -0.984808 14704.dat
1 71 -10.0004 -111.0141 -31.6274 0 0 -1 0.173648 0.984808 0 0.984808 -0.173648 0 3020.dat
1 71 -20.0004 -121.4329 -90.7159 0 0 1 -0.173648 0.984808 0 -0.984808 -0.173648 0 14704.dat
1 71 -0.0003 -121.4329 -90.7159 0 0 -1 0.173648 0.984808 0 0.984808 -0.173648 0 14704.dat
1 15 -10.0003 -126.6423 -120.2601 1 0 0 0 0.984808 0.173648 0 -0.173648 0.984808 3023b.dat
1 71 -10.0003 -122.3655 -49.9344 0 0 -1 0.173648 0.984808 0 0.984808 -0.173648 0 3034.dat
1 71 -0.0003 -130.1153 -139.9563 0 0 -1 0.173648 0.984808 0 0.984808 -0.173648 0 36840.dat
1 71 -20.0004 -130.1153 -139.9563 0 0 1 -0.173648 0.984808 0 -0.984808 -0.173648 0 36840.dat
1 71 -10.0003 -119.8251 10.5433 1 0 0 0 0.984808 0.173648 0 -0.173648 0.984808 87580.dat
1 71 -10.0003 -126.771 -28.849 1 0 0 0 0.984808 0.173648 0 -0.173648 0.984808 87580.dat
1 71 -10.0003 -133.7169 -68.2413 1 0 0 0 0.984808 0.173648 0 -0.173648 0.984808 87580.dat
1 71 -10.0003 -147.6087 -147.026 1 0 0 0 0.984808 0.173648 0 -0.173648 0.984808 93606.dat
1 71 -10.0003 -138.9263 -97.7856 1 0 0 0 0.984808 0.173648 0 -0.173648 0.984808 3069b.dat
1 71 -10.0003 -150.4064 -24.6815 1 0 0 0 0.984808 0.173648 0 -0.173648 0.984808 4286.dat
1 71 -10.0003 -119.8251 10.5433 1 0 0 0 0.984808 0.173648 0 -0.173648 0.984808 54200.dat
1 72 -6.0004 -112.0508 61.2508 0 -1 0 0.570714 0 0.821149 -0.821149 0 0.570714 22890.dat
1 71 1.9996 -106.3436 53.0393 0 -1 0 0.821149 0 -0.570714 0.570714 0 0.821149 14719.dat
1 72 49.5445 -122.7116 -87.4115 -0.984812 -0.000136 0.17363 0.044809 0.965926 0.254911 -0.167749 0.258818 -0.951249 22890.dat
1 72 -69.5452 -122.7115 -87.4113 0.98481 0.000137 0.173638 0.04481 0.965926 -0.25491 -0.167756 0.258818 0.951247 22890.dat
1 71 61.129 -128.3368 -97.3177 -0.173631 -0.000014 -0.984812 -0.255005 0.965895 0.044946 0.951223 0.258936 -0.167713 43722.dat
1 71 -81.1295 -128.3418 -97.3172 -0.173637 -0.000019 0.98481 0.254815 0.965945 0.044947 -0.951273 0.258749 -0.167718 43723.dat
1 0 22.3297 -131.9806 -139.4091 0 -1 0 0.866025 0 0.5 -0.5 0 0.866025 98138p0y.dat
1 0 -42.0513 -131.562 -139.7306 0 1 0 -0.866025 0 0.5 0.5 0 0.866025 98138p0y.dat
