0 Untitled Model
0 Name:  UnknownCreature
0 Author:  LDraw.org
0 CustomBrick
0 FlexibleBrickControlPointUnitLength -1
0 NumOfBricks:  136
1 72 -17.972980 -10.802970 9.999980 1.000000 0.000005 0.000000 -0.000005 1.000000 0.000000 0.000000 0.000000 1.000000 15458.dat
1 0 92.027010 -10.803520 29.999970 1.000000 0.000005 0.000000 -0.000005 1.000000 0.000000 0.000000 0.000000 1.000000 2780.dat
1 0 92.027030 -10.803550 -10.000040 1.000000 0.000005 0.000000 -0.000005 1.000000 0.000000 0.000000 0.000000 1.000000 2780.dat
1 0 22.027020 -10.803180 -20.000040 0.000000 0.000005 -1.000000 0.000000 1.000000 0.000005 1.000000 0.000000 0.000000 2780.dat
1 0 22.027040 -10.803180 39.999980 0.000000 0.000005 -1.000000 0.000000 1.000000 0.000005 1.000000 0.000000 0.000000 2780.dat
1 1 42.027040 -10.803240 -30.000020 -0.000001 0.000005 1.000000 0.000000 1.000000 -0.000005 -1.000000 0.000000 -0.000001 6558.dat
1 1 42.027060 -10.803240 49.999980 0.000001 0.000005 -1.000000 0.000000 1.000000 0.000005 1.000000 0.000000 0.000001 6558.dat
1 72 42.027040 -10.803240 -30.000020 -0.000005 0.000000 1.000000 -1.000000 0.000000 -0.000005 0.000000 -1.000000 0.000000 32523.dat
1 72 42.027060 -10.803240 49.999980 -0.000005 0.000000 1.000000 -1.000000 0.000000 -0.000005 0.000000 -1.000000 0.000000 32523.dat
1 0 -77.973030 -10.802660 -20.000010 0.000001 0.000005 -1.000000 0.000000 1.000000 0.000005 1.000000 0.000000 0.000001 2780.dat
1 0 -57.973000 -10.802780 -20.000010 0.000001 0.000005 -1.000000 0.000000 1.000000 0.000005 1.000000 0.000000 0.000001 2780.dat
1 0 -77.973000 -10.802690 40.000000 0.000001 0.000005 -1.000000 0.000000 1.000000 0.000005 1.000000 0.000000 0.000001 2780.dat
1 0 -57.973000 -10.802760 39.999990 0.000001 0.000005 -1.000000 0.000000 1.000000 0.000005 1.000000 0.000000 0.000001 2780.dat
1 0 -97.973010 -20.802570 29.999990 0.000004 0.000000 1.000000 1.000000 0.000000 -0.000004 0.000000 1.000000 0.000000 2780.dat
1 0 -97.973030 -20.802570 -10.000020 0.000004 0.000000 1.000000 1.000000 0.000000 -0.000004 0.000000 1.000000 0.000000 2780.dat
1 0 62.027000 -20.803360 29.999980 0.000004 0.000000 1.000000 1.000000 0.000000 -0.000004 0.000000 1.000000 0.000000 2780.dat
1 0 62.027000 -20.803360 -10.000030 0.000004 0.000000 1.000000 1.000000 0.000000 -0.000004 0.000000 1.000000 0.000000 2780.dat
1 72 102.027100 -10.803520 9.999960 -0.000005 1.000000 0.000000 -1.000000 -0.000005 0.000000 0.000000 0.000000 1.000000 32523.dat
1 72 -17.973060 -30.802940 29.999970 0.000000 0.000005 -1.000000 0.000000 1.000000 0.000005 1.000000 0.000000 0.000000 32525.dat
1 72 -17.973040 -30.802940 -10.000060 0.000001 0.000005 -1.000000 0.000000 1.000000 0.000005 1.000000 0.000000 0.000001 32525.dat
1 72 -97.973400 -90.802570 -30.000020 1.000000 0.000000 0.000005 -0.000005 0.000000 1.000000 0.000000 -1.000000 0.000000 32526.dat
1 0 -97.973390 -90.802570 -20.000020 0.000001 0.000005 -1.000000 0.000000 1.000000 0.000005 1.000000 0.000000 0.000001 2780.dat
1 0 -97.973190 -50.802570 -20.000020 0.000001 0.000005 -1.000000 0.000000 1.000000 0.000005 1.000000 0.000000 0.000001 2780.dat
1 7 -97.973880 -190.802600 -10.000050 1.000000 0.000000 0.000005 -0.000005 0.000000 1.000000 0.000000 -1.000000 0.000000 32278.dat
1 1 -97.973300 -70.802580 9.999980 0.000001 0.000005 -1.000000 0.000000 1.000000 0.000005 1.000000 0.000000 0.000001 6558.dat
1 72 -97.973300 -70.802580 9.999990 1.000000 0.000000 0.000005 -0.000005 0.000000 1.000000 0.000000 -1.000000 0.000000 18654.dat
1 0 -97.974250 -270.802600 -20.000050 0.000001 0.000005 -1.000000 0.000000 1.000000 0.000005 1.000000 0.000000 0.000001 2780.dat
1 0 -97.974060 -230.802600 -20.000040 0.000001 0.000005 -1.000000 0.000000 1.000000 0.000005 1.000000 0.000000 0.000001 2780.dat
1 72 -57.974160 -250.802900 -30.000080 -0.000005 0.000000 -1.000000 -1.000000 0.000000 0.000005 0.000000 1.000000 0.000000 60484.dat
1 0 -57.974180 -250.802900 -40.000080 0.000001 0.000005 -1.000000 0.000000 1.000000 0.000005 1.000000 0.000000 0.000001 2780.dat
1 7 -11.820090 -140.033500 -50.000100 0.923075 0.000000 0.384620 -0.384620 0.000000 0.923075 0.000000 -1.000000 0.000000 32278.dat
1 13 11.257100 -84.649010 -60.000080 0.923075 0.000000 0.384620 -0.384620 0.000000 0.923075 0.000000 -1.000000 0.000000 24866.dat
1 72 -97.974480 -310.802700 -20.000060 0.000000 0.000005 1.000000 0.000000 1.000000 -0.000005 -1.000000 0.000000 0.000000 89678.dat
1 6 -97.974450 -310.802700 -24.000060 1.000000 0.000000 -0.000005 -0.000005 0.000000 -1.000000 0.000000 1.000000 0.000000 19119.dat
1 1 -97.974540 -330.802600 9.999940 0.000001 0.000005 -1.000000 0.000000 1.000000 0.000005 1.000000 0.000000 0.000001 6558.dat
1 1 -97.974140 -250.802600 9.999960 0.000001 0.000005 -1.000000 0.000000 1.000000 0.000005 1.000000 0.000000 0.000001 6558.dat
1 7 -97.974830 -390.802700 9.999929 1.000000 0.000000 0.000005 -0.000005 0.000000 1.000000 0.000000 -1.000000 0.000000 32278.dat
1 1 -97.974620 -350.802700 9.999929 0.000001 0.000005 -1.000000 0.000000 1.000000 0.000005 1.000000 0.000000 0.000001 6558.dat
1 1 -97.974830 -390.802600 9.999920 0.000001 0.000005 -1.000000 0.000000 1.000000 0.000005 1.000000 0.000000 0.000001 6558.dat
1 72 -17.974610 -350.803100 29.999920 -0.000001 0.000000 -1.000000 -1.000000 0.000000 0.000001 0.000000 1.000000 0.000000 32526.dat
1 7 -17.974620 -350.803100 9.999920 0.000000 0.199365 0.979925 0.000000 0.979925 -0.199365 -1.000000 0.000000 0.000000 77765.dat
1 72 -150.000000 -30.000000 10.000020 0.000000 0.000000 -1.000000 0.000000 1.000000 0.000000 1.000000 0.000000 0.000000 32525.dat
1 0 -50.000030 -40.000000 9.999980 0.000000 0.000000 -1.000000 1.000000 0.000000 0.000000 0.000000 -1.000000 0.000000 2780.dat
1 0 -90.000030 -40.000000 9.999990 0.000000 0.000000 -1.000000 1.000000 0.000000 0.000000 0.000000 -1.000000 0.000000 2780.dat
1 0 -110.000000 -40.000000 10.000000 0.000000 0.000000 -1.000000 1.000000 0.000000 0.000000 0.000000 -1.000000 0.000000 2780.dat
1 0 -190.000000 -40.000000 10.000030 0.000000 0.000000 -1.000000 1.000000 0.000000 0.000000 0.000000 -1.000000 0.000000 2780.dat
1 0 -210.000000 -40.000000 10.000030 0.000000 0.000000 -1.000000 1.000000 0.000000 0.000000 0.000000 -1.000000 0.000000 2780.dat
1 1 -250.000000 -50.000000 10.000050 0.000000 0.000000 -1.000000 -1.000000 0.000000 0.000000 0.000000 1.000000 0.000000 6558.dat
1 72 -50.000030 -50.000000 9.999980 1.000000 0.000000 0.000000 0.000000 1.000000 0.000000 0.000000 0.000000 1.000000 18654.dat
1 72 -90.000030 -50.000000 9.999990 1.000000 0.000000 0.000000 0.000000 1.000000 0.000000 0.000000 0.000000 1.000000 18654.dat
1 72 -150.000000 -50.000000 10.000000 0.000000 0.000000 -1.000000 0.000000 1.000000 0.000000 1.000000 0.000000 0.000000 32316.dat
1 14 -250.000000 -49.999980 -69.999950 1.000000 0.000000 0.000000 0.000000 1.000000 0.000000 0.000000 0.000000 1.000000 32526.dat
1 1 -250.000000 -49.999980 -69.999960 0.000000 0.000000 -1.000000 -1.000000 0.000000 0.000000 0.000000 1.000000 0.000000 6558.dat
1 14 -250.000000 -29.999980 -49.999960 -1.000000 -0.000001 0.000000 0.000001 -1.000000 0.000000 0.000000 0.000000 1.000000 32523.dat
1 1 -250.000000 -29.999980 -49.999950 0.000000 0.000000 -1.000000 -1.000000 0.000000 0.000000 0.000000 1.000000 0.000000 6558.dat
1 1 -250.000000 -29.999990 -29.999950 0.000000 0.000000 -1.000000 -1.000000 0.000000 0.000000 0.000000 1.000000 0.000000 6558.dat
1 14 -250.000100 -9.999990 10.000050 1.000000 0.000000 0.000000 0.000000 1.000000 0.000000 0.000000 0.000000 1.000000 40490.dat
1 1 -250.000000 -29.999990 70.000060 0.000000 0.000000 -1.000000 -1.000000 0.000000 0.000000 0.000000 1.000000 0.000000 6558.dat
1 1 -250.000000 -29.999990 50.000060 0.000000 0.000000 -1.000000 -1.000000 0.000000 0.000000 0.000000 1.000000 0.000000 6558.dat
1 14 -250.000000 -29.999990 70.000060 -1.000000 -0.000001 0.000000 0.000001 -1.000000 0.000000 0.000000 0.000000 1.000000 32523.dat
1 1 -250.000000 -49.999990 90.000060 0.000000 0.000000 -1.000000 -1.000000 0.000000 0.000000 0.000000 1.000000 0.000000 6558.dat
1 14 -250.000000 -50.000000 70.000060 -1.000000 -0.000001 0.000000 0.000001 -1.000000 0.000000 0.000000 0.000000 1.000000 32523.dat
1 14 -250.000000 -69.999980 10.000060 1.000000 0.000000 0.000000 0.000000 1.000000 0.000000 0.000000 0.000000 1.000000 40490.dat
1 15 -4.082810 -429.587800 9.999860 0.984809 0.000000 -0.173648 0.173648 0.000001 0.984808 0.000000 -1.000000 0.000001 32278.dat
1 7 -45.758000 -193.233700 -9.999940 0.984808 0.000000 -0.173645 0.173645 0.000001 0.984808 0.000000 -1.000001 0.000001 32278.dat
1 1 -21.447700 -331.106900 9.999949 0.000000 -0.173644 -0.984808 0.000000 0.984808 -0.173644 1.000001 0.000000 0.000000 6558.dat
1 1 -28.393520 -291.714500 9.999980 0.000000 -0.173644 -0.984808 0.000000 0.984808 -0.173644 1.000001 0.000000 0.000000 6558.dat
1 1 -63.122480 -94.752990 10.000160 0.000000 -0.173644 -0.984808 0.000000 0.984808 -0.173644 1.000001 0.000000 0.000000 6558.dat
1 1 -70.068240 -55.360520 10.000190 0.000000 -0.173644 -0.984808 0.000000 0.984808 -0.173644 1.000001 0.000000 0.000000 6558.dat
1 72 -66.595340 -75.056690 10.000170 0.984808 0.000001 -0.173644 0.173644 0.000000 0.984808 0.000001 -1.000001 0.000000 32523.dat
1 72 -7.555760 -409.891700 -0.000120 0.000000 0.173644 -0.984808 0.000000 -0.984808 -0.173644 -1.000001 0.000000 0.000000 89678.dat
1 19 2.863110 -468.980100 19.999840 0.000000 -0.173644 -0.984808 0.000000 0.984808 -0.173644 1.000001 0.000000 0.000000 3749.dat
1 15 2.863140 -468.980200 27.819840 0.984808 0.000000 -0.173644 0.173644 0.000000 0.984808 0.000000 -1.000001 0.000000 4032a.dat
1 15 2.863080 -468.980100 35.819840 0.984808 0.000000 -0.173644 0.173644 0.000001 0.984808 0.000000 -1.000001 0.000001 4032a.dat
1 15 -157.975800 -570.802400 -36.000140 1.000000 0.000000 -0.000004 -0.000004 0.000000 -1.000000 0.000000 1.000000 0.000000 4740.dat
1 14 20.227820 -567.460900 19.999790 0.000000 -0.173644 -0.984808 0.000000 0.984808 -0.173644 1.000001 0.000000 0.000000 3673.dat
1 72 -17.974790 -350.802700 -10.000090 -0.000001 0.000000 -1.000000 -1.000000 0.000000 0.000001 0.000000 1.000000 0.000000 32526.dat
1 7 -45.757960 -193.233700 30.000070 0.984808 0.000000 -0.173645 0.173645 0.000001 0.984808 0.000000 -1.000001 0.000001 32278.dat
1 7 -97.973850 -190.802600 29.999980 1.000000 0.000000 0.000005 -0.000005 0.000000 1.000000 0.000000 -1.000000 0.000000 32278.dat
1 0 -97.973350 -90.802650 40.000010 0.000001 0.000005 -1.000000 0.000000 1.000000 0.000005 1.000000 0.000000 0.000001 2780.dat
1 0 -97.973130 -50.802640 40.000030 0.000001 0.000005 -1.000000 0.000000 1.000000 0.000005 1.000000 0.000000 0.000001 2780.dat
1 72 -97.973360 -90.802570 49.999980 1.000000 0.000000 0.000005 -0.000005 0.000000 1.000000 0.000000 -1.000000 0.000000 32526.dat
1 72 -24.920640 -311.410700 39.999990 0.000000 0.173644 0.984809 0.000000 -0.984809 0.173644 1.000001 0.000000 0.000000 89678.dat
1 72 -97.973580 -130.802600 40.000010 0.000000 -0.000004 1.000000 0.000000 -1.000000 -0.000004 1.000000 0.000000 0.000000 89678.dat
1 6 -24.920640 -311.410700 43.999990 -0.984808 0.000000 0.173645 -0.173645 0.000001 -0.984808 0.000000 -1.000000 -0.000001 19119.dat
1 6 -97.973580 -130.802600 44.000020 -1.000000 0.000000 -0.000004 0.000004 0.000001 -1.000000 0.000000 -1.000000 -0.000001 19119.dat
1 0 -97.974220 -270.802700 39.999950 0.000001 0.000005 -1.000000 0.000000 1.000000 0.000005 1.000000 0.000000 0.000001 2780.dat
1 0 -97.974030 -230.802600 39.999970 0.000001 0.000005 -1.000000 0.000000 1.000000 0.000005 1.000000 0.000000 0.000001 2780.dat
1 72 -57.974130 -250.802800 49.999950 -0.000005 0.000000 -1.000000 -1.000000 0.000000 0.000005 0.000000 1.000000 0.000000 60484.dat
1 0 -57.974130 -250.802800 59.999960 0.000001 0.000005 -1.000000 0.000000 1.000000 0.000005 1.000000 0.000000 0.000001 2780.dat
1 7 -11.819690 -140.033800 69.999980 0.923075 0.000000 0.384620 -0.384620 0.000000 0.923075 0.000000 -1.000000 0.000000 32278.dat
1 0 -97.975520 -530.802700 -0.000120 0.000001 0.000005 -1.000000 0.000000 1.000000 0.000005 1.000000 0.000000 0.000001 2780.dat
1 1 -97.975330 -490.802700 -0.000100 0.000000 0.000004 1.000000 0.000000 1.000000 -0.000004 -1.000000 0.000000 0.000000 43093.dat
1 15 -97.975700 -570.802700 -10.000160 0.000004 0.000000 1.000000 1.000000 0.000000 -0.000004 0.000000 1.000000 0.000000 32009.dat
1 19 -97.975570 -510.802700 -19.999990 0.000000 0.000004 1.000000 0.000000 1.000000 -0.000004 -1.000000 0.000000 0.000000 3749.dat
1 15 -97.975570 -510.802700 -28.019980 -1.000000 0.000000 0.000004 0.000004 0.000000 1.000000 0.000000 1.000000 0.000000 4032a.dat
1 15 -97.975570 -510.802700 -36.019990 -1.000000 0.000000 0.000004 0.000004 0.000000 1.000000 0.000000 1.000000 0.000000 4032a.dat
1 0 -137.975700 -570.802500 -0.000160 0.000001 0.000005 -1.000000 0.000000 1.000000 0.000005 1.000000 0.000000 0.000001 2780.dat
1 0 -177.975700 -570.802400 -0.000160 0.000001 0.000005 -1.000000 0.000000 1.000000 0.000005 1.000000 0.000000 0.000001 2780.dat
1 72 -157.975700 -570.802400 -20.000160 0.000000 -0.000004 -1.000000 0.000000 -1.000000 0.000004 -1.000000 0.000000 0.000000 89678.dat
1 15 -157.975700 -570.802400 -28.000140 1.000000 0.000000 -0.000004 -0.000004 0.000000 -1.000000 0.000000 1.000000 0.000000 6141.dat
1 15 -7.555800 -409.891600 -8.000130 0.984808 0.000000 0.173644 0.173644 0.000000 -0.984808 0.000000 1.000000 0.000000 6141.dat
1 15 -7.555780 -409.891700 -16.000140 0.984809 0.000000 0.173644 0.173644 0.000000 -0.984809 0.000000 1.000000 0.000000 4740.dat
1 15 -137.975700 -570.802500 9.999849 -1.000000 0.000000 0.000004 0.000004 0.000000 1.000000 0.000000 1.000000 0.000000 22961.dat
1 15 -177.975700 -570.802400 9.999849 0.000000 0.000004 -1.000000 0.000000 1.000000 0.000004 1.000000 0.000000 0.000000 32034.dat
1 0 -267.975700 -570.801900 9.999840 1.000000 0.000004 0.000000 -0.000004 1.000000 0.000000 0.000000 0.000000 1.000000 3707.dat
1 15 -119.766800 -568.682500 29.999920 -0.008726 0.000001 0.999962 0.999962 0.000000 0.008726 0.000000 1.000000 -0.000001 32278.dat
1 7 -259.761500 -569.904000 10.000040 0.000000 1.000000 0.000000 0.000000 0.000000 1.000000 1.000000 0.000000 0.000000 15100.dat
1 19 0.228540 -567.634200 39.999350 0.000001 -0.008729 -0.999962 0.000000 0.999961 -0.008729 1.000000 0.000000 0.000000 3749.dat
1 15 0.228530 -567.634200 47.899350 0.999962 0.000000 -0.008729 0.008729 0.000001 0.999961 0.000000 -1.000000 0.000001 4032a.dat
1 15 0.228540 -567.634200 55.899400 0.999962 0.000000 -0.008729 0.008729 0.000001 0.999961 0.000000 -1.000000 0.000001 4032a.dat
1 72 -99.767570 -568.506700 39.999420 0.000000 0.008729 0.999962 0.000000 -0.999961 0.008728 1.000000 0.000000 0.000000 89678.dat
1 15 -99.767570 -568.506700 47.999420 -0.999962 0.000000 0.008729 -0.008729 0.000001 -0.999961 0.000000 -1.000000 -0.000001 6141.dat
1 15 -99.767600 -568.506700 55.999460 -0.999962 -0.000001 0.008729 -0.008728 0.000001 -0.999961 0.000000 -1.000000 -0.000001 4740.dat
1 15 2.863080 -468.980200 43.819840 0.984808 0.000000 -0.173644 0.173644 0.000000 0.984808 0.000000 -1.000000 0.000000 44375b.dat
1 15 0.228540 -567.634200 63.899380 0.999962 0.000000 -0.008729 0.008729 0.000001 0.999961 0.000000 -1.000000 0.000001 44375b.dat
1 15 -97.975570 -510.802700 -44.020000 -1.000000 0.000000 0.000004 0.000004 0.000000 1.000000 0.000000 1.000000 0.000000 44375b.dat
1 4 -279.805700 -570.801800 9.999790 -1.000000 0.000000 0.000000 0.000000 0.000000 -1.000000 0.000000 -1.000000 0.000000 32013.dat
1 4 -279.805700 -520.801800 9.999820 0.000000 1.000000 0.000000 1.000000 0.000000 0.000000 0.000000 0.000000 -1.000000 3705.dat
1 4 -279.805700 -480.801800 9.999820 -0.000005 0.000000 -1.000000 0.000000 -1.000000 0.000000 -1.000000 0.000000 0.000004 4032a.dat
1 4 -279.805700 -488.801800 9.999829 -0.000005 0.000000 -1.000000 0.000000 -1.000000 0.000000 -1.000000 0.000000 0.000004 4032a.dat
1 4 -279.805800 -505.951900 9.999820 0.000000 -1.000000 0.000000 0.000000 0.000000 1.000000 -1.000000 0.000000 0.000000 98585.dat
1 4 -279.805700 -515.952000 -10.000180 0.000000 0.984808 -0.173644 -1.000000 0.000000 0.000000 0.000000 0.173644 0.984808 89678.dat
1 4 -279.805700 -515.951800 29.999820 0.000000 0.984808 -0.173644 -1.000000 0.000000 0.000000 0.000000 0.173644 0.984808 89678.dat
1 4 -269.805800 -472.801800 -10.000210 -1.000000 0.000000 0.000000 0.000000 -1.000000 0.000000 0.000000 0.000000 1.000000 92946.dat
1 4 -269.805700 -472.801800 29.999780 1.000000 0.000000 0.000000 0.000000 -1.000000 0.000000 0.000000 0.000000 -1.000000 92946.dat
1 4 -289.805800 -472.801800 -0.000140 -1.000000 0.000000 0.000000 0.000000 -1.000000 0.000000 0.000000 0.000000 1.000000 36841.dat
1 4 -289.805700 -472.801800 19.999860 1.000000 0.000000 0.000000 0.000000 -1.000000 0.000000 0.000000 0.000000 -1.000000 36841.dat
1 4 -279.805700 -464.801800 9.999820 -0.000005 0.000000 -1.000000 0.000000 -1.000000 0.000000 -1.000000 0.000000 0.000004 4032a.dat
1 4 -279.805800 -440.801800 9.999860 -1.000000 0.000000 0.000000 0.000000 -1.000000 0.000000 0.000000 0.000000 1.000000 30367c.dat
1 73 -289.805800 -482.801900 -22.000140 1.000000 0.000000 0.000000 0.000000 0.000000 -1.000000 0.000000 1.000000 0.000000 98138.dat
1 73 -289.805700 -482.801800 41.999870 -1.000000 0.000000 0.000000 0.000000 0.000000 -1.000000 0.000000 -1.000000 0.000000 98138.dat
1 4 -299.805800 -515.951900 9.999820 0.000000 -1.000000 0.000000 0.000000 0.000000 -1.000000 1.000000 0.000000 0.000000 43892.dat
1 4 -279.805700 -519.952000 -10.000180 -1.000000 0.000000 0.000000 0.000000 0.000000 -1.000000 0.000000 -1.000000 0.000000 43892.dat
1 4 -259.805800 -515.951900 9.999820 0.000000 1.000000 0.000000 0.000000 0.000000 -1.000000 -1.000000 0.000000 0.000000 43892.dat
1 4 -279.805700 -519.951800 29.999820 1.000000 0.000000 0.000000 0.000000 0.000000 -1.000000 0.000000 1.000000 0.000000 43892.dat
