0 Untitled Model
0 Name:  Whale
0 Author:  
0 CustomBrick
0 FlexibleBrickControlPointUnitLength -1
0 NumOfBricks:  109
1 14 0.009740 -162.518800 -0.029920 0.000000 0.000000 -1.000000 -1.000000 0.000000 0.000000 0.000000 1.000000 0.000000 32316.dat
1 1 20.009740 -162.518800 -20.029890 0.000000 0.000000 1.000000 0.000000 1.000000 0.000000 -1.000000 0.000000 0.000000 6558.dat
1 1 -19.990250 -162.518800 -20.029900 0.000000 0.000000 1.000000 0.000000 1.000000 0.000000 -1.000000 0.000000 0.000000 6558.dat
1 14 0.009740 -162.518800 -20.029900 0.000000 0.000000 -1.000000 -1.000000 0.000000 0.000000 0.000000 1.000000 -0.000001 32316.dat
1 14 0.009750 -162.518900 -40.029900 0.000000 0.000000 -1.000000 -1.000000 0.000000 0.000000 0.000000 1.000000 -0.000001 32316.dat
1 0 0.009770 -162.518800 -20.029860 0.000000 0.000000 -1.000000 0.000000 1.000000 0.000000 1.000000 0.000000 0.000000 64179.dat
1 1 40.009760 -162.518900 -60.029870 0.000000 0.000000 -1.000000 0.000000 1.000000 0.000000 1.000000 0.000000 0.000000 6558.dat
1 1 -39.990250 -162.518900 -60.029920 0.000000 0.000000 -1.000000 0.000000 1.000000 0.000000 1.000000 0.000000 0.000000 6558.dat
1 0 0.009770 -242.518700 -80.029900 0.000000 0.000000 1.000000 1.000000 0.000000 0.000000 0.000000 1.000000 0.000000 64782.dat
1 0 50.009760 -182.518700 -80.029880 1.000000 0.000000 0.000000 0.000000 1.000000 0.000000 0.000000 0.000000 1.000000 2780.dat
1 0 50.009780 -302.518700 -80.029900 1.000000 0.000000 0.000000 0.000000 1.000000 0.000000 0.000000 0.000000 1.000000 2780.dat
1 0 -49.990230 -302.518700 -80.029880 1.000000 0.000000 0.000000 0.000000 1.000000 0.000000 0.000000 0.000000 1.000000 2780.dat
1 0 -49.990240 -182.518700 -80.029880 1.000000 0.000000 0.000000 0.000000 1.000000 0.000000 0.000000 0.000000 1.000000 2780.dat
1 0 -39.990220 -352.518700 -80.029880 0.000000 0.000000 -1.000000 1.000000 0.000000 0.000000 0.000000 -1.000000 0.000000 2780.dat
1 0 40.009780 -352.518700 -80.029900 0.000000 0.000000 -1.000000 1.000000 0.000000 0.000000 0.000000 -1.000000 0.000000 2780.dat
1 0 -79.990230 -242.518900 -40.029860 -1.000000 0.000000 0.000000 0.000000 0.000000 1.000000 0.000000 1.000000 0.000000 11954.dat
1 0 -59.990220 -352.518700 -80.029880 0.000000 0.000000 -1.000000 1.000000 0.000000 0.000000 0.000000 -1.000000 0.000000 2780.dat
1 0 80.009750 -242.518900 -40.029860 1.000000 0.000000 0.000000 0.000000 0.000000 -1.000000 0.000000 1.000000 0.000000 11954.dat
1 0 60.009780 -352.518700 -80.029900 0.000000 0.000000 -1.000000 1.000000 0.000000 0.000000 0.000000 -1.000000 0.000000 2780.dat
1 0 0.009780 -362.518700 -80.029880 0.000000 0.000000 -1.000000 0.000000 1.000000 0.000000 1.000000 0.000000 0.000000 32524.dat
1 0 -79.990260 -202.518900 -30.029860 0.000000 0.000000 -1.000000 0.000000 -1.000000 0.000000 -1.000000 0.000000 0.000000 2780.dat
1 0 80.009740 -202.518800 -30.029840 0.000000 0.000000 -1.000000 0.000000 -1.000000 0.000000 -1.000000 0.000000 0.000000 2780.dat
1 0 -79.980260 -142.518900 -20.029860 -1.000000 0.000000 0.000000 0.000000 0.000000 -1.000000 0.000000 -1.000000 0.000000 64392.dat
1 0 79.999760 -142.518800 -19.999830 -1.000000 0.000000 0.000000 0.000000 0.000000 -1.000000 0.000000 -1.000000 0.000000 64682.dat
1 0 -59.990280 -132.518700 -80.029900 0.000000 0.000000 -1.000000 1.000000 0.000000 0.000000 0.000000 -1.000000 0.000000 2780.dat
1 0 60.009720 -132.518700 -80.029860 0.000000 0.000000 -1.000000 1.000000 0.000000 0.000000 0.000000 -1.000000 0.000000 2780.dat
1 0 80.009720 -132.518800 -40.029830 0.000000 0.000000 -1.000000 1.000000 0.000000 0.000000 0.000000 -1.000000 0.000000 2780.dat
1 0 -79.990260 -132.518900 -40.029860 0.000000 0.000000 -1.000000 1.000000 0.000000 0.000000 0.000000 -1.000000 0.000000 2780.dat
1 1 -79.980260 -132.518800 -20.009860 0.000000 0.000000 -1.000000 1.000000 0.000000 0.000000 0.000000 -1.000000 0.000000 43093.dat
1 1 79.999740 -132.518800 -20.019840 0.000000 0.000000 -1.000000 1.000000 0.000000 0.000000 0.000000 -1.000000 0.000000 43093.dat
1 0 -79.990260 -122.518900 -20.029860 1.000000 0.000000 0.000000 0.000000 -1.000000 0.000000 0.000000 0.000000 -1.000000 32140.dat
1 0 80.009720 -122.518800 -20.029840 -1.000000 0.000000 0.000000 0.000000 1.000000 0.000000 0.000000 0.000000 -1.000000 32140.dat
1 15 9.999800 -127.897700 79.970040 0.000000 1.000002 0.000000 -0.866028 0.000000 -0.500001 -0.500001 0.000000 0.866027 32009.dat
1 0 -0.000200 -179.859600 49.970000 1.000002 0.000000 0.000000 0.000000 0.866028 -0.500000 0.000000 0.500000 0.866027 2780.dat
1 0 -0.000320 -57.897630 -41.273460 1.000002 0.000000 0.000000 0.000000 0.866028 -0.500000 0.000000 0.500000 0.866027 2780.dat
1 15 -10.000270 -127.897700 79.970040 0.000000 1.000002 0.000000 -0.866028 0.000000 -0.500001 -0.500001 0.000000 0.866027 32009.dat
1 1 -20.000330 -197.180200 39.969830 1.000002 0.000000 0.000000 0.000000 0.866028 -0.500000 0.000000 0.500000 0.866027 43093.dat
1 1 19.999820 -197.180100 39.969840 -1.000002 0.000000 0.000000 0.000000 -0.866028 -0.500001 0.000001 -0.500000 0.866027 43093.dat
1 0 -20.000400 -107.897800 45.329300 1.000002 0.000000 0.000000 0.000000 0.866028 -0.500000 0.000000 0.500000 0.866027 2780.dat
1 0 19.999750 -107.897700 45.329360 1.000002 0.000000 0.000000 0.000000 0.866028 -0.500000 0.000000 0.500000 0.866027 2780.dat
1 15 -30.000010 -266.461600 -0.029630 0.000000 1.000002 0.000000 0.500001 0.000000 -0.866028 -0.866027 0.000000 -0.500000 40490.dat
1 0 -20.000410 -318.423300 -30.029880 1.000002 0.000000 0.000000 0.000000 0.866028 -0.500000 0.000000 0.500000 0.866027 2780.dat
1 0 -20.000380 -283.782100 -10.029590 1.000002 0.000000 0.000000 0.000000 0.866028 -0.500000 0.000000 0.500000 0.866027 2780.dat
1 15 -10.000300 -301.102700 -20.029620 0.000000 1.000002 0.000000 0.500001 0.000000 -0.866028 -0.866027 0.000000 -0.500000 40490.dat
1 0 -0.000190 -249.141100 9.970180 1.000002 0.000000 0.000000 0.000000 0.866028 -0.500000 0.000000 0.500000 0.866027 2780.dat
1 0 -0.000240 -353.064500 -50.029940 1.000002 0.000000 0.000000 0.000000 0.866028 -0.500000 0.000000 0.500000 0.866027 2780.dat
1 15 10.000010 -301.102800 -20.029730 0.000000 1.000000 0.000000 0.500000 0.000000 -0.866028 -0.866026 0.000000 -0.500000 40490.dat
1 0 19.999700 -283.782000 -10.029680 1.000002 0.000000 0.000000 0.000000 0.866028 -0.500000 0.000000 0.500000 0.866027 2780.dat
1 0 19.999700 -318.423400 -30.029890 1.000002 0.000000 0.000000 0.000000 0.866028 -0.500000 0.000000 0.500000 0.866027 2780.dat
1 15 29.999780 -266.461500 -0.029760 0.000000 1.000002 0.000000 0.500001 0.000000 -0.866028 -0.866027 0.000000 -0.500000 40490.dat
1 19 39.999680 -335.744000 -40.029940 1.000002 0.000000 0.000000 0.000000 -0.500001 -0.866028 0.000000 0.866027 -0.500000 32002.dat
1 19 39.999780 -214.500300 29.970170 1.000002 0.000000 0.000000 0.000000 -0.500001 -0.866028 0.000000 0.866027 -0.500000 32002.dat
1 19 -40.000450 -335.744000 -40.029920 -1.000002 0.000000 0.000000 0.000000 -0.500001 0.866028 0.000000 0.866027 0.500000 32002.dat
1 19 -39.999920 -214.500400 29.970280 -1.000002 0.000000 0.000000 0.000000 -0.500001 0.866028 0.000000 0.866027 0.500000 32002.dat
1 15 29.999820 -266.462500 -0.030830 -1.000002 0.000000 0.000000 0.000000 0.500000 -0.866028 0.000000 -0.866027 -0.500000 18944.dat
1 15 -30.000440 -266.461700 -0.029700 -1.000002 0.000000 0.000000 0.000000 0.500001 -0.866028 0.000000 -0.866027 -0.500000 18944.dat
1 71 -0.000340 -370.384900 -60.029840 1.000002 0.000000 0.000000 0.000000 -0.500001 -0.866028 0.000000 0.866027 -0.500000 32073.dat
1 71 0.359790 -231.820800 19.970100 1.000002 0.000000 0.000000 0.000000 -0.500001 -0.866028 0.000000 0.866027 -0.500000 32073.dat
1 15 -45.000520 -335.743900 -40.029870 0.000000 -1.000002 0.000000 -0.500001 0.000000 -0.866028 0.866027 0.000000 -0.500000 11478.dat
1 15 -45.000020 -197.180100 39.970000 0.000000 -1.000002 0.000000 -0.500001 0.000000 -0.866028 0.866027 0.000000 -0.500000 11478.dat
1 15 44.999820 -335.744000 -40.029920 0.000000 -1.000002 0.000000 -0.500001 0.000000 -0.866028 0.866027 0.000000 -0.500000 11478.dat
1 15 44.999750 -197.179800 39.970130 0.000000 -1.000000 0.000000 -0.500000 0.000000 -0.866027 0.866026 0.000000 -0.500000 11478.dat
1 14 0.149700 -47.897600 -58.594260 1.000002 0.000000 0.000000 0.000000 -0.500001 -0.866028 0.000000 0.866027 -0.500000 4519.dat
1 15 -24.940460 -27.897590 -93.235310 0.000000 -1.000002 0.000000 0.866028 0.000000 -0.500001 0.500000 0.000000 0.866027 6632.dat
1 14 -0.040320 -27.897590 -93.235290 1.000002 0.000000 0.000000 0.000000 -0.500001 -0.866028 0.000000 0.866027 -0.500000 4519.dat
1 0 0.009670 -27.897590 -93.235290 0.000000 0.000000 -1.000002 -0.866028 -0.500001 0.000000 -0.500001 0.866027 0.000000 55982.dat
1 0 0.009670 -27.897590 -93.235290 0.000000 0.000000 -1.000002 -0.500001 0.866028 0.000000 0.866027 0.500001 0.000000 89201.dat
1 4 10.229720 -27.897590 -93.235320 0.000000 0.000000 -1.000002 -0.866028 -0.500001 0.000000 -0.500000 0.866027 0.000000 3713.dat
1 15 24.959640 -27.897490 -93.235310 0.000000 -1.000002 0.000000 0.866028 0.000000 -0.500001 0.500000 0.000000 0.866027 6632.dat
1 14 -30.000480 -55.936100 75.329330 0.000000 1.000002 0.000000 0.500000 0.000000 -0.866028 -0.866027 0.000000 -0.500000 32140.dat
1 0 -20.000430 -90.577380 55.329270 1.000002 0.000000 0.000000 0.000000 0.866028 -0.500000 0.000000 0.500000 0.866027 2780.dat
1 14 -0.000240 -55.936130 75.329330 1.000002 0.000000 0.000000 0.000000 -0.500001 -0.866028 0.000000 0.866027 -0.500000 3705.dat
1 14 -10.000320 -73.256480 65.329210 0.000000 -1.000002 0.000000 -0.500001 0.000000 -0.866027 0.866027 0.000000 -0.500000 32523.dat
1 14 9.999750 -73.256600 65.329400 0.000000 -1.000002 0.000000 -0.500001 0.000000 -0.866028 0.866027 0.000000 -0.500000 32523.dat
1 0 19.999770 -90.577320 55.329280 1.000002 0.000000 0.000000 0.000000 0.866028 -0.500000 0.000000 0.500000 0.866027 2780.dat
1 14 29.999740 -55.936110 75.329330 0.000000 1.000002 0.000000 0.500000 0.000000 -0.866028 -0.866027 0.000000 -0.500000 32140.dat
1 71 69.999760 -162.538700 59.970100 1.000000 0.000000 0.000000 0.000000 1.000000 0.000000 0.000000 0.000000 1.000000 61184.dat
1 71 -69.980260 -162.538800 59.970060 -1.000000 0.000000 0.000000 0.000000 1.000000 0.000000 0.000000 0.000000 -1.000000 61184.dat
1 15 77.999760 -162.538700 59.970100 0.000000 -1.000000 0.000000 -1.000000 0.000000 0.000000 0.000000 0.000000 -1.000000 98138p07.dat
1 15 -77.980260 -162.538800 59.970060 0.000000 1.000000 0.000000 0.707106 0.000000 -0.707108 -0.707107 0.000000 -0.707107 98138p07.dat
1 0 0.000000 -2.518500 0.000000 -1.000000 0.000000 0.000000 0.000000 1.000000 0.000000 0.000000 0.000000 -1.000000 64179.dat
1 0 49.999760 -2.518300 -40.000020 -1.000001 0.000000 0.000000 0.000000 0.000000 -1.000001 0.000000 -1.000001 0.000000 2780.dat
1 0 50.000000 -2.518400 40.000000 -1.000001 0.000000 0.000000 0.000000 0.000000 -1.000001 0.000000 -1.000001 0.000000 2780.dat
1 0 -50.000140 -2.518390 -39.999950 -1.000001 0.000000 0.000000 0.000000 0.000000 -1.000001 0.000000 -1.000001 0.000000 2780.dat
1 0 -50.000130 -2.518400 40.000130 -1.000001 0.000000 0.000000 0.000000 0.000000 -1.000001 0.000000 -1.000001 0.000000 2780.dat
1 0 19.999870 -2.518390 -50.000010 0.000000 1.000001 0.000000 0.000000 0.000000 -1.000001 -1.000001 0.000000 0.000000 2780.dat
1 0 -20.000130 -2.518390 -49.999950 0.000000 1.000001 0.000000 0.000000 0.000000 -1.000001 -1.000001 0.000000 0.000000 2780.dat
1 0 -20.000130 -2.518400 50.000100 0.000000 1.000001 0.000000 0.000000 0.000000 -1.000001 -1.000001 0.000000 0.000000 2780.dat
1 0 19.999870 -2.518400 49.999980 0.000000 1.000001 0.000000 0.000000 0.000000 -1.000001 -1.000001 0.000000 0.000000 2780.dat
1 0 -0.000240 -2.518390 -39.999960 0.000000 0.000000 -1.000001 1.000000 0.000000 0.000000 0.000000 -1.000001 0.000000 32523.dat
1 0 -0.000110 -2.518400 40.000100 0.000000 0.000000 -1.000001 1.000000 0.000000 0.000000 0.000000 -1.000001 0.000000 32523.dat
1 0 60.000000 -62.518710 0.000020 0.000000 -1.000000 0.000000 0.000000 0.000000 -1.000001 1.000001 0.000000 0.000001 64179.dat
1 0 -60.000130 -62.518740 0.000020 0.000000 1.000000 0.000000 0.000000 0.000000 -1.000001 -1.000001 0.000000 0.000000 64179.dat
1 0 69.999760 -122.518700 40.000120 -1.000001 0.000000 0.000000 0.000000 0.000000 -1.000000 0.000000 -1.000001 0.000000 2780.dat
1 0 70.000020 -82.518710 40.000120 -1.000001 0.000000 0.000000 0.000000 0.000000 -1.000000 0.000000 -1.000001 0.000000 2780.dat
1 0 -70.000270 -122.518800 39.999970 -1.000001 0.000000 0.000000 0.000000 0.000000 -1.000000 0.000000 -1.000001 0.000000 2780.dat
1 0 -70.000230 -82.518820 39.999970 -1.000001 0.000000 0.000000 0.000000 0.000000 -1.000000 0.000000 -1.000001 0.000000 2780.dat
1 0 80.000000 -62.518740 40.000120 0.000001 -1.000000 0.000000 0.000000 0.000000 -1.000001 1.000001 0.000001 0.000000 32140.dat
1 0 -80.000240 -62.518760 40.000000 0.000001 -1.000000 0.000000 0.000000 0.000000 -1.000001 1.000001 0.000001 0.000000 32140.dat
1 71 -70.000270 -122.518800 60.000000 1.000000 0.000000 0.000000 0.000000 1.000001 0.000000 0.000000 0.000000 1.000001 3673.dat
1 71 69.999780 -122.518700 60.000130 1.000000 0.000000 0.000000 0.000000 1.000001 0.000000 0.000000 0.000000 1.000001 3673.dat
1 0 -60.000260 -122.518800 60.000000 0.000000 1.000001 0.000000 -1.000000 0.000000 0.000000 0.000000 0.000000 1.000001 15100.dat
1 0 59.999760 -122.518700 60.000120 0.000000 1.000001 0.000000 -1.000000 0.000000 0.000000 0.000000 0.000000 1.000001 15100.dat
1 0 -60.000140 -102.518800 49.999970 0.000000 0.000000 -1.000000 0.000000 1.000000 0.000000 1.000000 0.000000 0.000000 2780.dat
1 0 -60.000120 -62.518760 50.000000 0.000000 0.000000 -1.000000 0.000000 1.000000 0.000000 1.000000 0.000000 0.000000 2780.dat
1 0 60.000000 -102.518700 50.000020 0.000000 0.000000 -1.000000 0.000000 1.000000 0.000000 1.000000 0.000000 0.000000 2780.dat
1 0 60.000000 -62.518700 50.000000 0.000000 0.000000 -1.000000 0.000000 1.000000 0.000000 1.000000 0.000000 0.000000 2780.dat
1 0 80.000000 -62.518820 60.000020 1.000000 0.000000 0.000000 0.000000 1.000000 0.000000 0.000000 0.000000 1.000000 64681.dat
1 0 -80.000140 -62.528880 59.999970 1.000000 0.000000 0.000000 0.000000 1.000000 0.000000 0.000000 0.000000 1.000000 64393.dat
