0 Untitled Model
0 Name:  WreckBack
0 Author:  
0 CustomBrick
0 FlexibleBrickControlPointUnitLength -1
0 NumOfBricks:  148
1 72 -25.485620 -70.399620 -0.000090 -0.000001 -0.999992 0.000000 -0.999994 -0.000002 0.000000 0.000000 0.000000 -1.000000 40490.dat
1 1 -5.485770 -70.399730 -20.000150 0.999996 0.000000 0.000000 0.000003 0.999997 0.000000 0.000000 0.000000 1.000000 6558.dat
1 1 -5.485770 -70.399730 19.999930 0.999996 0.000000 0.000000 0.000003 0.999997 0.000000 0.000000 0.000000 1.000000 6558.dat
1 72 -5.485760 -70.399730 -0.000070 -0.000001 -0.999996 0.000000 -0.999997 -0.000002 0.000000 0.000000 0.000000 -1.000000 40490.dat
1 72 34.514070 -70.399640 -0.000110 0.999996 0.000000 0.000000 0.000003 0.999997 0.000000 0.000000 0.000000 1.000000 39793.dat
1 1 -45.485800 -70.399730 59.999930 -1.000000 0.000001 0.000000 0.000001 1.000000 0.000000 0.000000 0.000000 -1.000000 6558.dat
1 1 -45.485710 -70.399580 -60.000090 -1.000000 0.000001 0.000000 0.000001 1.000000 0.000000 0.000000 0.000000 -1.000000 6558.dat
1 1 34.514070 -80.399640 19.999940 -0.000001 0.999996 0.000000 -0.999997 0.000002 0.000000 0.000000 0.000000 1.000000 43093.dat
1 1 34.514070 -80.399640 -20.000150 -0.000001 0.999996 0.000000 -0.999997 0.000002 0.000000 0.000000 0.000000 1.000000 43093.dat
1 4 34.514070 -110.407200 19.999970 0.000000 0.999996 0.000000 0.000000 0.000003 -0.999997 -1.000000 0.000000 0.000000 32192.dat
1 4 34.514070 -110.407200 -20.000120 0.000000 0.999996 0.000000 0.000000 0.000003 -0.999997 -1.000000 0.000000 0.000000 32192.dat
1 1 34.514070 -110.374300 -0.000110 0.000000 0.000000 0.999996 0.000000 0.999997 0.000003 -1.000000 0.000000 0.000000 6558.dat
1 1 13.250040 -131.585700 -20.000110 0.707101 0.707103 0.000000 0.707105 -0.707102 0.000000 -0.000001 0.000000 -1.000000 43093.dat
1 1 13.250050 -131.585700 19.999980 0.707101 0.707103 0.000000 0.707104 -0.707102 0.000000 -0.000001 0.000000 -1.000000 43093.dat
1 4 34.514070 -110.374300 -0.000110 -0.000001 0.000000 0.999996 -0.999997 0.000000 0.000002 0.000000 -1.000000 0.000000 18654.dat
1 4 20.320990 -152.798900 -0.000030 0.707108 0.000000 0.707096 0.707096 0.000001 -0.707106 0.000000 1.000000 0.000000 2391.dat
1 1 6.178720 -166.940800 -0.000040 -0.707108 -0.707096 0.000000 -0.707096 0.707106 -0.000001 0.000000 0.000000 -1.000000 6558.dat
1 1 34.462590 -195.224800 -0.000030 -0.707108 -0.707097 0.000000 -0.707096 0.707106 -0.000001 0.000000 0.000000 -1.000000 6558.dat
1 4 6.178720 -166.940800 -0.000040 0.707108 0.000000 0.707096 0.707096 0.000000 -0.707106 0.000000 1.000000 0.000000 2391.dat
1 4 -7.963480 -181.082600 -0.000010 0.707108 0.000000 0.707096 0.707096 0.000000 -0.707106 0.000000 1.000000 0.000000 2391.dat
1 15 -43.318480 -159.869400 -0.000040 -0.707096 -0.707108 0.000000 0.707106 -0.707096 0.000000 0.000000 0.000000 1.000000 6141.dat
1 4 -7.963190 -152.798700 20.000010 0.000000 0.707108 0.707096 0.000000 0.707096 -0.707106 -1.000000 0.000000 0.000000 2391.dat
1 1 20.320640 -181.082700 -0.000010 0.000000 -0.707096 0.707108 -0.000001 0.707106 0.707096 -1.000000 0.000000 0.000000 6558.dat
1 1 -7.963260 -152.798800 -0.000040 0.000000 -0.707096 0.707108 -0.000001 0.707106 0.707096 -1.000000 0.000000 0.000000 6558.dat
1 0 -36.247150 -124.514300 30.000040 0.000000 0.707108 0.707096 0.000000 0.707096 -0.707106 -1.000000 0.000000 0.000000 2780.dat
1 72 -29.176220 -145.727600 20.000010 -0.707108 0.707096 0.000000 -0.707096 -0.707106 0.000000 0.000000 0.000000 1.000000 4274.dat
1 0 -34.833080 -151.384500 20.000010 -0.707096 0.707108 0.000000 0.707106 0.707096 -0.000001 0.000000 0.000000 -1.000000 98138.dat
1 4 -7.963210 -152.798800 -20.000090 0.000000 0.707108 0.707096 0.000000 0.707096 -0.707106 -1.000000 0.000000 0.000000 2391.dat
1 72 -29.176230 -145.727600 -20.000080 -0.707108 0.707096 0.000000 -0.707096 -0.707106 0.000000 0.000000 0.000000 1.000000 4274.dat
1 0 -34.833040 -151.384500 -20.000080 -0.707096 0.707108 0.000000 0.707106 0.707096 -0.000001 0.000000 0.000000 -1.000000 98138.dat
1 0 -36.247170 -124.514300 -30.000120 0.000000 0.707108 0.707096 0.000000 0.707096 -0.707106 -1.000000 0.000000 0.000000 2780.dat
1 4 -196.556200 -203.734300 20.000160 -0.406733 0.000000 -0.913541 0.913542 0.000000 -0.406736 0.000000 -0.999999 0.000000 32009.dat
1 19 -50.389500 -138.656600 9.999940 0.000000 -0.406734 -0.913542 0.000000 0.913544 -0.406736 1.000000 -0.000001 0.000000 3749.dat
1 1 -86.931170 -154.925900 -0.000080 0.000000 -0.406734 -0.913542 0.000000 0.913544 -0.406736 1.000000 0.000000 0.000000 6558.dat
1 1 -105.202100 -163.060700 -0.000110 0.000000 -0.406733 -0.913542 0.000000 0.913544 -0.406736 1.000000 0.000000 0.000000 6558.dat
1 4 -96.066670 -158.993400 -0.000110 0.406734 0.000000 -0.913542 -0.913544 0.000000 -0.406736 0.000000 1.000000 0.000000 43857.dat
1 15 -123.472800 -171.195200 30.000020 -0.406733 0.000000 0.913541 0.913542 0.000000 0.406736 0.000000 0.999999 0.000000 6141.dat
1 15 -160.014600 -187.464800 30.000060 -0.406733 0.000000 0.913541 0.913543 0.000000 0.406736 0.000000 0.999999 0.000000 6141.dat
1 15 -212.825700 -167.192300 30.000040 -0.406733 0.000000 0.913541 0.913543 0.000000 0.406736 0.000000 0.999999 0.000000 6141.dat
1 4 -141.743700 -179.330100 20.000040 0.000000 -0.406733 -0.913542 0.000000 0.913543 -0.406736 0.999999 0.000000 0.000000 32054.dat
1 1 -141.743700 -179.330100 -9.999949 0.000000 -0.406733 -0.913542 0.000000 0.913543 -0.406736 0.999999 0.000000 0.000000 43093.dat
1 4 -141.743700 -179.330000 50.000220 0.000000 -0.406733 0.913542 0.000000 0.913543 0.406736 -0.999999 0.000000 0.000000 62462.dat
1 4 -196.557000 -203.734500 -19.999960 -0.406738 0.000000 -0.913545 0.913545 0.000000 -0.406738 0.000000 -1.000000 0.000000 32009.dat
1 15 -123.472900 -171.195300 -29.999920 -0.406737 0.000000 -0.913545 0.913543 0.000000 -0.406738 0.000000 -1.000000 0.000000 6141.dat
1 15 -160.014600 -187.464800 -29.999920 -0.406737 0.000000 -0.913545 0.913543 0.000000 -0.406738 0.000000 -1.000000 0.000000 6141.dat
1 15 -212.826100 -167.192500 -29.999920 -0.406737 0.000000 -0.913545 0.913543 0.000000 -0.406738 0.000000 -1.000000 0.000000 6141.dat
1 4 -86.338180 -157.543300 -40.000110 -0.550480 0.000000 -0.834850 0.834847 -0.000001 -0.550479 -0.000001 -1.000000 0.000000 32009.dat
1 15 -108.357100 -124.149300 -50.000160 -0.550480 0.000000 -0.834848 0.834846 -0.000001 -0.550480 -0.000001 -1.000000 0.000000 6141.dat
1 15 -19.550180 -113.504700 -50.000130 -0.550480 0.000000 -0.834848 0.834846 -0.000001 -0.550480 -0.000001 -1.000000 0.000000 6141.dat
1 15 13.843750 -91.485710 -50.000140 -0.550480 0.000000 -0.834848 0.834846 -0.000001 -0.550480 -0.000001 -1.000000 0.000000 6141.dat
1 15 -108.357300 -124.149000 50.000020 -0.550479 0.000000 0.834849 0.834849 0.000001 0.550479 -0.000001 1.000000 0.000000 6141.dat
1 15 -52.944180 -135.523800 50.000050 -0.550479 0.000000 0.834849 0.834849 0.000001 0.550479 -0.000001 1.000000 0.000000 6141.dat
1 15 -19.550210 -113.504700 50.000060 -0.550479 0.000000 0.834849 0.834849 0.000001 0.550479 -0.000001 1.000000 0.000000 6141.dat
1 15 13.843770 -91.485570 50.000070 -0.550479 0.000000 0.834849 0.834849 0.000001 0.550479 -0.000001 1.000000 0.000000 6141.dat
1 0 -45.483780 -130.399700 -0.000060 0.000000 -1.000000 0.000000 -1.000000 0.000000 0.000000 0.000000 0.000000 -1.000000 39794.dat
1 0 -45.483810 -200.399500 -80.000000 0.000000 -1.000000 -0.000001 -1.000000 0.000000 -0.000007 0.000007 0.000001 -1.000000 2780.dat
1 0 -45.483840 -200.399500 79.999950 0.000000 -1.000000 -0.000001 -1.000000 0.000000 -0.000007 0.000007 0.000001 -1.000000 2780.dat
1 0 -45.483840 -210.399600 0.000140 1.000000 0.000000 0.000000 0.000000 1.000000 0.000000 0.000000 0.000000 1.000000 40490.dat
1 72 -65.485760 -70.399720 -0.000060 -0.000001 1.000000 0.000000 -1.000000 -0.000001 0.000000 0.000000 0.000000 1.000000 40490.dat
1 1 -85.485940 -70.399730 -40.000100 -1.000000 0.000000 -0.000001 0.000001 0.000000 -1.000000 0.000000 -1.000000 0.000000 6558.dat
1 1 -85.485970 -70.399700 39.999890 -1.000000 0.000000 -0.000001 0.000001 0.000000 -1.000000 0.000000 -1.000000 0.000000 6558.dat
1 72 -85.486000 -70.399700 -0.000060 -0.000001 1.000000 0.000000 -1.000000 -0.000001 0.000000 0.000000 0.000000 1.000000 40490.dat
1 1 -105.485900 -70.399670 -80.000130 -1.000000 0.000000 -0.000001 0.000001 0.000000 -1.000000 0.000000 -1.000000 0.000000 6558.dat
1 1 -105.485900 -70.399680 79.999890 -1.000000 0.000000 -0.000001 0.000001 0.000000 -1.000000 0.000000 -1.000000 0.000000 6558.dat
1 72 -105.484700 -70.399730 -0.000040 -0.000001 0.999993 0.000000 -0.999993 -0.000001 0.000000 0.000000 0.000000 1.000000 40490.dat
1 72 -125.485900 -70.399750 -0.000250 -0.000001 1.000000 0.000000 -1.000000 -0.000001 0.000000 0.000000 0.000000 1.000000 40490.dat
1 1 -145.485800 -70.399630 -60.000160 -1.000000 0.000000 -0.000001 0.000001 0.000000 -1.000000 0.000000 -1.000000 0.000000 6558.dat
1 1 -145.485800 -70.399620 59.999820 -1.000000 0.000000 -0.000001 0.000001 0.000000 -1.000000 0.000000 -1.000000 0.000000 6558.dat
1 71 -155.485700 -70.399620 -60.000160 -1.000000 0.000000 0.000001 0.000001 0.000000 1.000000 0.000000 1.000000 0.000000 62462.dat
1 71 -155.485700 -70.399650 59.999820 -1.000000 0.000000 0.000001 0.000001 0.000000 1.000000 0.000000 1.000000 0.000000 62462.dat
1 0 -65.485340 -150.399700 119.999400 0.000000 0.000000 -0.999997 0.000000 -1.000000 0.000000 -0.999997 0.000000 0.000000 64682.dat
1 1 -65.485870 -150.399700 99.999610 1.000002 0.000000 0.000000 0.000000 1.000000 0.000003 0.000000 -0.000003 1.000002 6558.dat
1 0 -75.485920 -130.399800 99.999490 -1.000002 0.000000 -0.000007 -0.000001 -1.000000 -0.000001 -0.000007 -0.000001 1.000002 2780.dat
1 0 -85.485970 -140.399800 99.999370 0.000000 1.000002 0.000000 0.000000 0.000000 1.000000 1.000002 0.000000 0.000000 43857.dat
1 0 -55.485760 -70.399730 99.999740 -1.000002 0.000000 -0.000007 -0.000001 -1.000000 -0.000001 -0.000007 -0.000001 1.000002 2780.dat
1 71 -224.652600 -114.728800 79.999580 0.000000 0.000001 -0.999988 0.000000 0.999992 -0.000001 0.999993 0.000000 0.000000 32054.dat
1 71 -224.652700 -114.728800 -80.000220 0.000001 -1.000000 0.000000 0.000000 0.000000 1.000000 -1.000000 -0.000001 0.000000 32054.dat
1 71 -224.652700 -114.728800 1.149770 0.000000 -1.000000 0.000000 0.000000 0.000000 -1.000000 1.000000 0.000000 0.000000 44294.dat
1 0 -224.652600 -114.728800 79.999530 -0.833879 0.000000 -0.551929 0.551933 0.000000 -0.833877 0.000000 -0.999993 0.000000 15100.dat
1 0 -224.652700 -114.728800 -80.000220 -0.833887 0.000001 -0.551936 0.551936 0.000000 -0.833887 -0.000001 -1.000000 0.000000 15100.dat
1 0 -263.406100 -137.043800 0.000070 0.000000 0.833879 0.551926 0.000000 -0.551933 0.833872 0.999987 0.000000 0.000000 64782.dat
1 0 -195.637800 -142.262800 99.999720 0.688345 0.000000 -0.725372 0.725368 0.000000 0.688347 0.000000 -0.999994 0.000000 32316.dat
1 0 -195.637600 -142.262900 -100.000200 0.688351 0.000000 -0.725378 0.725378 0.000000 0.688351 0.000000 -1.000000 0.000000 32316.dat
1 0 -296.523300 -187.078300 59.999600 0.833879 -0.551929 0.000000 -0.551933 -0.833877 0.000000 0.000000 0.000000 -0.999993 11455.dat
1 0 -291.003600 -178.738800 59.999610 -0.551929 0.833879 -0.000003 -0.833878 -0.551933 -0.000006 -0.000007 -0.000001 0.999994 2780.dat
1 0 -291.003500 -178.738800 0.000000 -0.551929 0.833879 -0.000003 -0.833878 -0.551933 -0.000006 -0.000007 -0.000001 0.999994 2780.dat
1 71 -279.845600 -198.116900 -9.999900 0.000000 -0.833879 -0.551929 0.000000 0.551933 -0.833877 0.999993 0.000000 0.000000 3673.dat
1 0 -165.484400 -170.399100 119.999000 -0.000002 0.000001 -0.999990 0.999993 0.000000 0.000001 0.000000 -0.999993 -0.000001 41239.dat
1 71 -45.483780 -170.399700 109.999900 -0.000001 -0.551940 -0.833884 0.000001 0.833884 -0.551940 1.000000 -0.000001 0.000000 3673.dat
1 71 -105.484100 -170.401300 109.999800 0.000000 -0.000002 -0.999999 0.000000 0.999998 0.000001 1.000000 0.000000 0.000000 3673.dat
1 71 -165.484100 -170.399400 109.999100 0.000000 -0.043627 -0.999037 0.000000 0.999035 -0.043617 0.999987 0.000000 0.000000 3673.dat
1 72 -285.484400 -170.400400 119.999500 0.000000 0.000001 -0.999993 0.000000 0.999996 -0.000002 1.000000 0.000000 0.000000 11214.dat
1 14 -285.482300 -170.402000 149.999400 0.999993 0.000001 -0.000001 0.000001 0.999996 0.000000 0.000001 0.000000 1.000000 59443.dat
1 0 -285.484600 -170.400400 169.999200 0.000000 0.000001 -0.999993 0.000001 0.999996 -0.000002 1.000000 -0.000001 0.000000 32062.dat
1 14 -285.482200 -170.402000 189.999600 0.999993 0.000001 -0.000001 0.000001 0.999996 0.000000 0.000001 0.000000 1.000000 59443.dat
1 72 -293.822100 -164.879400 79.999010 -0.833880 -0.551926 0.000000 0.551933 -0.833872 0.000000 0.000000 0.000000 0.999988 4274.dat
1 484 -300.493100 -160.463900 79.999000 -0.188770 0.833880 -0.518641 -0.285201 -0.551933 -0.783584 -0.939681 0.000000 0.342016 2423.dat
1 4 -86.338160 -157.543000 40.000060 -0.550479 0.000000 -0.834849 0.834849 -0.000001 -0.550479 -0.000001 -1.000000 0.000000 32009.dat
1 72 -105.484100 -190.401300 99.999810 -1.000000 0.000000 0.000000 0.000000 0.000000 1.000000 0.000000 1.000000 0.000000 32140.dat
1 71 -105.484200 -190.401300 119.999800 0.000000 0.000000 -1.000000 0.000000 1.000000 0.000000 1.000000 0.000000 0.000000 4519.dat
1 0 -65.485800 -150.399700 -119.999800 0.000000 0.000000 -1.000000 0.000000 -1.000000 0.000000 -1.000000 0.000000 0.000000 64392.dat
1 0 -55.485820 -70.399750 -99.999920 1.000000 0.000000 0.000007 0.000000 1.000000 0.000001 -0.000007 -0.000001 1.000000 2780.dat
1 0 -55.485800 -150.399700 -99.999920 1.000000 0.000000 0.000007 0.000000 1.000000 0.000001 -0.000007 -0.000001 1.000000 2780.dat
1 14 -285.478700 -170.403600 -189.999100 1.000001 0.000592 -0.000122 -0.000594 1.000001 0.000043 0.000122 -0.000043 1.000000 59443.dat
1 0 -285.482300 -170.401200 -169.998700 -0.000077 0.000593 -1.000000 0.000001 1.000000 0.000593 1.000000 -0.000001 -0.000077 32062.dat
1 14 -285.480700 -170.402400 -149.998500 1.000000 0.000594 -0.000122 -0.000594 1.000000 0.000043 0.000122 -0.000043 1.000000 59443.dat
1 72 -285.484000 -170.398800 -119.998500 0.000087 0.000327 1.000000 0.000016 1.000000 -0.000327 -1.000000 0.000016 0.000087 11214.dat
1 0 -165.484900 -170.399200 -119.998400 0.000002 0.000001 -1.000000 1.000000 0.000000 0.000002 0.000000 -1.000000 -0.000001 41239.dat
1 71 -45.483800 -170.399700 -110.000100 0.000000 -0.043618 -0.999048 0.000000 0.999048 -0.043618 1.000000 0.000000 0.000000 3673.dat
1 71 -165.484900 -170.399200 -109.998400 0.000000 -0.043618 -0.999048 0.000000 0.999048 -0.043618 1.000000 0.000000 0.000000 3673.dat
1 72 -125.484800 -170.399300 -129.998400 0.000002 0.000000 1.000000 0.000000 0.999999 -0.000001 -1.000003 0.000000 0.000002 4274.dat
1 330 -125.484900 -170.399500 -137.998000 0.940110 0.000000 0.340872 0.340870 0.000000 -0.940111 0.000000 1.000000 0.000000 2423.dat
1 71 -45.483820 -230.399600 20.000160 -1.000000 0.000000 0.000000 0.000000 1.000000 0.000000 0.000000 0.000000 -1.000000 55615.dat
1 70 -45.483820 -230.399600 40.000150 0.000000 1.000000 0.000000 0.000000 0.000000 1.000000 1.000000 0.000000 0.000000 32013.dat
1 0 -45.483830 -270.399600 40.000150 0.000000 0.000000 1.000000 -1.000000 0.000000 0.000000 0.000000 -1.000000 0.000000 27940.dat
1 71 -45.483830 -250.399600 10.000150 0.000000 -0.043618 -0.999048 0.000000 0.999048 -0.043618 1.000000 0.000000 0.000000 3673.dat
1 71 -45.483820 -250.399500 0.000160 -0.991442 0.000000 0.130526 0.130526 -0.000001 0.991445 0.000000 1.000009 0.000001 22961.dat
1 70 -85.141820 -245.178500 0.000140 0.000000 0.130526 -0.991443 -0.000001 0.991445 0.130526 1.000009 0.000001 0.000000 32034.dat
1 0 -124.798900 -239.957600 0.000140 0.991443 0.000000 -0.130526 -0.130526 -0.000001 -0.991445 0.000000 1.000009 -0.000001 27940.dat
1 71 -124.798800 -239.957600 -10.000030 0.000000 0.087157 -0.996193 -0.000001 0.996195 0.087157 1.000009 0.000001 0.000000 3673.dat
1 70 -164.456500 -234.736200 -0.000620 0.000000 0.130526 -0.991445 -0.000001 0.991445 0.130526 1.000000 0.000001 0.000000 32034.dat
1 71 -204.114500 -229.515400 0.000130 0.991443 0.130526 0.000000 -0.130526 0.991445 -0.000001 0.000000 0.000001 1.000009 4519.dat
1 70 -204.114500 -229.515400 0.000100 0.000000 0.130526 -0.991443 -0.000001 0.991445 0.130526 1.000009 0.000001 0.000000 24122.dat
1 70 -243.772100 -224.294500 0.000100 0.000000 0.130526 -0.991443 -0.000001 0.991445 0.130526 1.000009 0.000001 0.000000 32034.dat
1 71 -283.429600 -219.073400 0.000160 0.991443 0.130526 0.000000 -0.130526 0.991445 -0.000001 0.000000 0.000001 1.000009 4519.dat
1 70 -283.429600 -219.073400 0.000160 0.000000 0.130526 -0.991443 -0.000001 0.991445 0.130526 1.000009 0.000001 0.000000 24122.dat
1 70 -283.429500 -219.073300 -90.001050 0.991443 0.000000 -0.130526 -0.130526 -0.000001 -0.991445 0.000000 1.000009 -0.000001 30374.dat
1 70 -283.429400 -219.073400 10.000290 0.991443 0.000000 -0.130526 -0.130526 -0.000001 -0.991445 0.000000 1.000009 -0.000001 30374.dat
1 70 -204.114300 -229.515200 -112.501300 0.991443 0.000000 0.130526 -0.130526 0.000001 0.991445 0.000000 -1.000009 0.000001 63965.dat
1 70 -323.087900 -213.852500 0.000160 0.000000 0.130526 -0.991443 -0.000001 0.991445 0.130526 1.000009 0.000001 0.000000 32034.dat
1 0 -352.831400 -209.936800 0.000110 0.991443 0.130526 0.000000 -0.130526 0.991445 -0.000001 0.000000 0.000001 1.000009 32062.dat
1 70 -383.972400 -205.836900 0.000180 -0.130526 0.991443 0.000000 -0.991445 -0.130526 -0.000001 -0.000002 0.000000 1.000009 4589.dat
1 70 -389.028700 -205.171200 0.000180 0.000000 0.991443 0.130527 -0.000001 -0.130526 0.991445 1.000009 0.000000 0.000001 63965.dat
1 15 -283.429400 -219.073300 -72.840770 0.130526 0.000000 0.991443 0.991445 -0.000001 -0.130526 0.000002 1.000009 0.000000 80324.dat
1 15 -283.429500 -219.073500 74.761000 -0.130526 0.000000 0.991443 -0.991445 0.000001 -0.130526 -0.000002 -1.000009 0.000000 80324.dat
1 15 -204.114300 -229.515400 -15.280240 -0.267238 0.000000 0.963628 -0.963630 0.000001 -0.267239 -0.000001 -1.000009 0.000000 2525.dat
1 70 -400.430300 -203.670000 0.000180 -0.130526 0.991443 0.000000 -0.991445 -0.130526 -0.000001 -0.000002 0.000000 1.000009 85861.dat
1 70 -400.430300 -203.670000 0.000110 0.000000 0.991443 -0.130526 0.000001 -0.130526 -0.991445 -1.000009 0.000000 -0.000002 64951.dat
1 15 -490.652000 -191.792300 0.000190 0.130527 0.991443 0.000000 0.991445 -0.130526 0.000001 0.000001 0.000000 -1.000009 80324.dat
1 0 -202.571300 -218.822300 -19.999780 -0.258820 0.000000 0.965926 -0.965926 0.000001 -0.258820 -0.000001 -1.000000 0.000000 40490.dat
1 70 -160.000000 -96.000000 0.000000 0.000000 0.000000 1.000000 0.000000 1.000000 0.000000 -1.000000 0.000000 0.000000 4738a.dat
1 70 -160.000000 -113.000000 0.000010 0.000000 0.000000 1.000000 0.000000 1.000000 0.000000 -1.000000 0.000000 0.000000 4739.dat
1 4 -22.105650 -166.940700 -20.000080 0.000000 0.707112 0.707102 0.000000 0.707102 -0.707112 -1.000000 0.000000 0.000000 80286.dat
1 4 6.178820 -138.656600 -20.000090 0.000000 0.707112 0.707102 0.000000 0.707102 -0.707112 -1.000000 0.000000 0.000000 80286.dat
1 4 -7.963410 -152.798600 -20.000080 -0.000001 0.707112 0.707102 0.000000 0.707102 -0.707112 -1.000000 0.000000 0.000000 80286.dat
1 4 -22.105620 -166.940600 20.000010 0.000000 -0.707112 0.707102 0.000001 -0.707102 -0.707112 1.000000 0.000000 0.000001 80286.dat
1 4 -7.963360 -152.798500 20.000020 0.000000 -0.707112 0.707102 0.000001 -0.707102 -0.707112 1.000000 0.000000 0.000001 80286.dat
1 4 6.178860 -138.656500 20.000000 0.000000 -0.707112 0.707102 0.000001 -0.707102 -0.707112 1.000000 0.000000 0.000001 80286.dat
