0 Untitled Model
0 Name:  WreckBack
0 Author: 
0 CustomBrick
0 FlexibleBrickControlPointUnitLength -1
0 NumOfBricks:  148
1 72 -25.4856 -70.3996 -0.0001 -0.000001 -0.999992 0 -0.999994 -0.000002 0 0 0 -1 40490.dat
1 1 -5.4858 -70.3997 -20.0002 0.999996 0 0 0.000003 0.999997 0 0 0 1 6558.dat
1 1 -5.4858 -70.3997 19.9999 0.999996 0 0 0.000003 0.999997 0 0 0 1 6558.dat
1 72 -5.4858 -70.3997 -0.0001 -0.000001 -0.999996 0 -0.999997 -0.000002 0 0 0 -1 40490.dat
1 72 34.5141 -70.3996 -0.0001 0.999996 0 0 0.000003 0.999997 0 0 0 1 39793.dat
1 1 -45.4858 -70.3997 59.9999 -1 0.000001 0 0.000001 1 0 0 0 -1 6558.dat
1 1 -45.4857 -70.3996 -60.0001 -1 0.000001 0 0.000001 1 0 0 0 -1 6558.dat
1 1 34.5141 -80.3996 19.9999 -0.000001 0.999996 0 -0.999997 0.000002 0 0 0 1 43093.dat
1 1 34.5141 -80.3996 -20.0002 -0.000001 0.999996 0 -0.999997 0.000002 0 0 0 1 43093.dat
1 4 34.5141 -110.4072 20 0 0.999996 0 0 0.000003 -0.999997 -1 0 0 32192.dat
1 4 34.5141 -110.4072 -20.0001 0 0.999996 0 0 0.000003 -0.999997 -1 0 0 32192.dat
1 1 34.5141 -110.3743 -0.0001 0 0 0.999996 0 0.999997 0.000003 -1 0 0 6558.dat
1 1 13.25 -131.5857 -20.0001 0.707101 0.707103 0 0.707105 -0.707102 0 -0.000001 0 -1 43093.dat
1 1 13.25 -131.5857 20 0.707101 0.707103 0 0.707104 -0.707102 0 -0.000001 0 -1 43093.dat
1 4 34.5141 -110.3743 -0.0001 -0.000001 0 0.999996 -0.999997 0 0.000002 0 -1 0 18654.dat
1 4 20.321 -152.7989 -0 0.707108 0 0.707096 0.707096 0.000001 -0.707106 0 1 0 2391.dat
1 1 6.1787 -166.9408 -0 -0.707108 -0.707096 0 -0.707096 0.707106 -0.000001 0 0 -1 6558.dat
1 1 34.4626 -195.2248 -0 -0.707108 -0.707097 0 -0.707096 0.707106 -0.000001 0 0 -1 6558.dat
1 4 6.1787 -166.9408 -0 0.707108 0 0.707096 0.707096 0 -0.707106 0 1 0 2391.dat
1 4 -7.9635 -181.0826 -0 0.707108 0 0.707096 0.707096 0 -0.707106 0 1 0 2391.dat
1 15 -43.3185 -159.8694 -0 -0.707096 -0.707108 0 0.707106 -0.707096 0 0 0 1 6141.dat
1 4 -7.9632 -152.7987 20 0 0.707108 0.707096 0 0.707096 -0.707106 -1 0 0 2391.dat
1 1 20.3206 -181.0827 -0 0 -0.707096 0.707108 -0.000001 0.707106 0.707096 -1 0 0 6558.dat
1 1 -7.9633 -152.7988 -0 0 -0.707096 0.707108 -0.000001 0.707106 0.707096 -1 0 0 6558.dat
1 0 -36.2472 -124.5143 30 0 0.707108 0.707096 0 0.707096 -0.707106 -1 0 0 2780.dat
1 72 -29.1762 -145.7276 20 -0.707108 0.707096 0 -0.707096 -0.707106 0 0 0 1 4274.dat
1 0 -34.8331 -151.3845 20 -0.707096 0.707108 0 0.707106 0.707096 -0.000001 0 0 -1 98138p0y.dat
1 4 -7.9632 -152.7988 -20.0001 0 0.707108 0.707096 0 0.707096 -0.707106 -1 0 0 2391.dat
1 72 -29.1762 -145.7276 -20.0001 -0.707108 0.707096 0 -0.707096 -0.707106 0 0 0 1 4274.dat
1 0 -34.833 -151.3845 -20.0001 -0.707096 0.707108 0 0.707106 0.707096 -0.000001 0 0 -1 98138p0y.dat
1 0 -36.2472 -124.5143 -30.0001 0 0.707108 0.707096 0 0.707096 -0.707106 -1 0 0 2780.dat
1 4 -196.5562 -203.7343 20.0002 -0.406733 0 -0.913541 0.913542 0 -0.406736 0 -0.999999 0 32009.dat
1 19 -50.3895 -138.6566 9.9999 0 -0.406734 -0.913542 0 0.913544 -0.406736 1 -0.000001 0 3749.dat
1 1 -86.9312 -154.9259 -0.0001 0 -0.406734 -0.913542 0 0.913544 -0.406736 1 0 0 6558.dat
1 1 -105.2021 -163.0607 -0.0001 0 -0.406733 -0.913542 0 0.913544 -0.406736 1 0 0 6558.dat
1 4 -96.0667 -158.9934 -0.0001 0.406734 0 -0.913542 -0.913544 0 -0.406736 0 1 0 43857.dat
1 15 -123.4728 -171.1952 30 -0.406733 0 0.913541 0.913542 0 0.406736 0 0.999999 0 6141.dat
1 15 -160.0146 -187.4648 30.0001 -0.406733 0 0.913541 0.913543 0 0.406736 0 0.999999 0 6141.dat
1 15 -212.8257 -167.1923 30 -0.406733 0 0.913541 0.913543 0 0.406736 0 0.999999 0 6141.dat
1 4 -141.7437 -179.3301 20 0 -0.406733 -0.913542 0 0.913543 -0.406736 0.999999 0 0 32054.dat
1 1 -141.7437 -179.3301 -9.9999 0 -0.406733 -0.913542 0 0.913543 -0.406736 0.999999 0 0 43093.dat
1 4 -141.7437 -179.33 50.0002 0 -0.406733 0.913542 0 0.913543 0.406736 -0.999999 0 0 62462.dat
1 4 -196.557 -203.7345 -20 -0.406738 0 -0.913545 0.913545 0 -0.406738 0 -1 0 32009.dat
1 15 -123.4729 -171.1953 -29.9999 -0.406737 0 -0.913545 0.913543 0 -0.406738 0 -1 0 6141.dat
1 15 -160.0146 -187.4648 -29.9999 -0.406737 0 -0.913545 0.913543 0 -0.406738 0 -1 0 6141.dat
1 15 -212.8261 -167.1925 -29.9999 -0.406737 0 -0.913545 0.913543 0 -0.406738 0 -1 0 6141.dat
1 4 -86.3382 -157.5433 -40.0001 -0.55048 0 -0.83485 0.834847 -0.000001 -0.550479 -0.000001 -1 0 32009.dat
1 15 -108.3571 -124.1493 -50.0002 -0.55048 0 -0.834848 0.834846 -0.000001 -0.55048 -0.000001 -1 0 6141.dat
1 15 -19.5502 -113.5047 -50.0001 -0.55048 0 -0.834848 0.834846 -0.000001 -0.55048 -0.000001 -1 0 6141.dat
1 15 13.8438 -91.4857 -50.0001 -0.55048 0 -0.834848 0.834846 -0.000001 -0.55048 -0.000001 -1 0 6141.dat
1 15 -108.3573 -124.149 50 -0.550479 0 0.834849 0.834849 0.000001 0.550479 -0.000001 1 0 6141.dat
1 15 -52.9442 -135.5238 50 -0.550479 0 0.834849 0.834849 0.000001 0.550479 -0.000001 1 0 6141.dat
1 15 -19.5502 -113.5047 50.0001 -0.550479 0 0.834849 0.834849 0.000001 0.550479 -0.000001 1 0 6141.dat
1 15 13.8438 -91.4856 50.0001 -0.550479 0 0.834849 0.834849 0.000001 0.550479 -0.000001 1 0 6141.dat
1 0 -45.4838 -130.3997 -0.0001 0 -1 0 -1 0 0 0 0 -1 39794.dat
1 0 -45.4838 -200.3995 -80 0 -1 -0.000001 -1 0 -0.000007 0.000007 0.000001 -1 2780.dat
1 0 -45.4838 -200.3995 79.9999 0 -1 -0.000001 -1 0 -0.000007 0.000007 0.000001 -1 2780.dat
1 0 -45.4838 -210.3996 0.0001 1 0 0 0 1 0 0 0 1 40490.dat
1 72 -65.4858 -70.3997 -0.0001 -0.000001 1 0 -1 -0.000001 0 0 0 1 40490.dat
1 1 -85.4859 -70.3997 -40.0001 -1 0 -0.000001 0.000001 0 -1 0 -1 0 6558.dat
1 1 -85.486 -70.3997 39.9999 -1 0 -0.000001 0.000001 0 -1 0 -1 0 6558.dat
1 72 -85.486 -70.3997 -0.0001 -0.000001 1 0 -1 -0.000001 0 0 0 1 40490.dat
1 1 -105.4859 -70.3997 -80.0001 -1 0 -0.000001 0.000001 0 -1 0 -1 0 6558.dat
1 1 -105.4859 -70.3997 79.9999 -1 0 -0.000001 0.000001 0 -1 0 -1 0 6558.dat
1 72 -105.4847 -70.3997 -0 -0.000001 0.999993 0 -0.999993 -0.000001 0 0 0 1 40490.dat
1 72 -125.4859 -70.3997 -0.0003 -0.000001 1 0 -1 -0.000001 0 0 0 1 40490.dat
1 1 -145.4858 -70.3996 -60.0002 -1 0 -0.000001 0.000001 0 -1 0 -1 0 6558.dat
1 1 -145.4858 -70.3996 59.9998 -1 0 -0.000001 0.000001 0 -1 0 -1 0 6558.dat
1 71 -155.4857 -70.3996 -60.0002 -1 0 0.000001 0.000001 0 1 0 1 0 62462.dat
1 71 -155.4857 -70.3997 59.9998 -1 0 0.000001 0.000001 0 1 0 1 0 62462.dat
1 0 -65.4853 -150.3997 119.9994 0 0 -0.999997 0 -1 0 -0.999997 0 0 64682.dat
1 1 -65.4859 -150.3997 99.9996 1.000002 0 0 0 1 0.000003 0 -0.000003 1.000002 6558.dat
1 0 -75.4859 -130.3998 99.9995 -1.000002 0 -0.000007 -0.000001 -1 -0.000001 -0.000007 -0.000001 1.000002 2780.dat
1 0 -85.486 -140.3998 99.9994 0 1.000002 0 0 0 1 1.000002 0 0 43857.dat
1 0 -55.4858 -70.3997 99.9997 -1.000002 0 -0.000007 -0.000001 -1 -0.000001 -0.000007 -0.000001 1.000002 2780.dat
1 71 -224.6526 -114.7288 79.9996 0 0.000001 -0.999988 0 0.999992 -0.000001 0.999993 0 0 32054.dat
1 71 -224.6527 -114.7288 -80.0002 0.000001 -1 0 0 0 1 -1 -0.000001 0 32054.dat
1 71 -224.6527 -114.7288 1.1498 0 -1 0 0 0 -1 1 0 0 44294.dat
1 0 -224.6526 -114.7288 79.9995 -0.833879 0 -0.551929 0.551933 0 -0.833877 0 -0.999993 0 15100.dat
1 0 -224.6527 -114.7288 -80.0002 -0.833887 0.000001 -0.551936 0.551936 0 -0.833887 -0.000001 -1 0 15100.dat
1 0 -263.4061 -137.0438 0.0001 0 0.833879 0.551926 0 -0.551933 0.833872 0.999987 0 0 64782.dat
1 0 -195.6378 -142.2628 99.9997 0.688345 0 -0.725372 0.725368 0 0.688347 0 -0.999994 0 32316.dat
1 0 -195.6376 -142.2629 -100.0002 0.688351 0 -0.725378 0.725378 0 0.688351 0 -1 0 32316.dat
1 0 -296.5233 -187.0783 59.9996 0.833879 -0.551929 0 -0.551933 -0.833877 0 0 0 -0.999993 11455.dat
1 0 -291.0036 -178.7388 59.9996 -0.551929 0.833879 -0.000003 -0.833878 -0.551933 -0.000006 -0.000007 -0.000001 0.999994 2780.dat
1 0 -291.0035 -178.7388 0 -0.551929 0.833879 -0.000003 -0.833878 -0.551933 -0.000006 -0.000007 -0.000001 0.999994 2780.dat
1 71 -279.8456 -198.1169 -9.9999 0 -0.833879 -0.551929 0 0.551933 -0.833877 0.999993 0 0 3673.dat
1 0 -165.4844 -170.3991 119.999 -0.000002 0.000001 -0.99999 0.999993 0 0.000001 0 -0.999993 -0.000001 41239.dat
1 71 -45.4838 -170.3997 109.9999 -0.000001 -0.55194 -0.833884 0.000001 0.833884 -0.55194 1 -0.000001 0 3673.dat
1 71 -105.4841 -170.4013 109.9998 0 -0.000002 -0.999999 0 0.999998 0.000001 1 0 0 3673.dat
1 71 -165.4841 -170.3994 109.9991 0 -0.043627 -0.999037 0 0.999035 -0.043617 0.999987 0 0 3673.dat
1 72 -285.4844 -170.4004 119.9995 0 0.000001 -0.999993 0 0.999996 -0.000002 1 0 0 11214.dat
1 14 -285.4823 -170.402 149.9994 0.999993 0.000001 -0.000001 0.000001 0.999996 0 0.000001 0 1 59443.dat
1 0 -285.4846 -170.4004 169.9992 0 0.000001 -0.999993 0.000001 0.999996 -0.000002 1 -0.000001 0 32062.dat
1 14 -285.4822 -170.402 189.9996 0.999993 0.000001 -0.000001 0.000001 0.999996 0 0.000001 0 1 59443.dat
1 72 -293.8221 -164.8794 79.999 -0.83388 -0.551926 0 0.551933 -0.833872 0 0 0 0.999988 4274.dat
1 484 -300.4931 -160.4639 79.999 -0.18877 0.83388 -0.518641 -0.285201 -0.551933 -0.783584 -0.939681 0 0.342016 2423.dat
1 4 -86.3382 -157.543 40.0001 -0.550479 0 -0.834849 0.834849 -0.000001 -0.550479 -0.000001 -1 0 32009.dat
1 72 -105.4841 -190.4013 99.9998 -1 0 0 0 0 1 0 1 0 32140.dat
1 71 -105.4842 -190.4013 119.9998 0 0 -1 0 1 0 1 0 0 4519.dat
1 0 -65.4858 -150.3997 -119.9998 0 0 -1 0 -1 0 -1 0 0 64392.dat
1 0 -55.4858 -70.3997 -99.9999 1 0 0.000007 0 1 0.000001 -0.000007 -0.000001 1 2780.dat
1 0 -55.4858 -150.3997 -99.9999 1 0 0.000007 0 1 0.000001 -0.000007 -0.000001 1 2780.dat
1 14 -285.4787 -170.4036 -189.9991 1.000001 0.000592 -0.000122 -0.000594 1.000001 0.000043 0.000122 -0.000043 1 59443.dat
1 0 -285.4823 -170.4012 -169.9987 -0.000077 0.000593 -1 0.000001 1 0.000593 1 -0.000001 -0.000077 32062.dat
1 14 -285.4807 -170.4024 -149.9985 1 0.000594 -0.000122 -0.000594 1 0.000043 0.000122 -0.000043 1 59443.dat
1 72 -285.484 -170.3988 -119.9985 0.000087 0.000327 1 0.000016 1 -0.000327 -1 0.000016 0.000087 11214.dat
1 0 -165.4849 -170.3992 -119.9984 0.000002 0.000001 -1 1 0 0.000002 0 -1 -0.000001 41239.dat
1 71 -45.4838 -170.3997 -110.0001 0 -0.043618 -0.999048 0 0.999048 -0.043618 1 0 0 3673.dat
1 71 -165.4849 -170.3992 -109.9984 0 -0.043618 -0.999048 0 0.999048 -0.043618 1 0 0 3673.dat
1 72 -125.4848 -170.3993 -129.9984 0.000002 0 1 0 0.999999 -0.000001 -1.000003 0 0.000002 4274.dat
1 330 -125.4849 -170.3995 -137.998 0.94011 0 0.340872 0.34087 0 -0.940111 0 1 0 2423.dat
1 71 -45.4838 -230.3996 20.0002 -1 0 0 0 1 0 0 0 -1 55615.dat
1 70 -45.4838 -230.3996 40.0001 0 1 0 0 0 1 1 0 0 32013.dat
1 0 -45.4838 -270.3996 40.0001 0 0 1 -1 0 0 0 -1 0 27940.dat
1 71 -45.4838 -250.3996 10.0001 0 -0.043618 -0.999048 0 0.999048 -0.043618 1 0 0 3673.dat
1 71 -45.4838 -250.3995 0.0002 -0.991442 0 0.130526 0.130526 -0.000001 0.991445 0 1.000009 0.000001 22961.dat
1 70 -85.1418 -245.1785 0.0001 0 0.130526 -0.991443 -0.000001 0.991445 0.130526 1.000009 0.000001 0 32034.dat
1 0 -124.7989 -239.9576 0.0001 0.991443 0 -0.130526 -0.130526 -0.000001 -0.991445 0 1.000009 -0.000001 27940.dat
1 71 -124.7988 -239.9576 -10 0 0.087157 -0.996193 -0.000001 0.996195 0.087157 1.000009 0.000001 0 3673.dat
1 70 -164.4565 -234.7362 -0.0006 0 0.130526 -0.991445 -0.000001 0.991445 0.130526 1 0.000001 0 32034.dat
1 71 -204.1145 -229.5154 0.0001 0.991443 0.130526 0 -0.130526 0.991445 -0.000001 0 0.000001 1.000009 4519.dat
1 70 -204.1145 -229.5154 0.0001 0 0.130526 -0.991443 -0.000001 0.991445 0.130526 1.000009 0.000001 0 24122.dat
1 70 -243.7721 -224.2945 0.0001 0 0.130526 -0.991443 -0.000001 0.991445 0.130526 1.000009 0.000001 0 32034.dat
1 71 -283.4296 -219.0734 0.0002 0.991443 0.130526 0 -0.130526 0.991445 -0.000001 0 0.000001 1.000009 4519.dat
1 70 -283.4296 -219.0734 0.0002 0 0.130526 -0.991443 -0.000001 0.991445 0.130526 1.000009 0.000001 0 24122.dat
1 70 -283.4295 -219.0733 -90.0011 0.991443 0 -0.130526 -0.130526 -0.000001 -0.991445 0 1.000009 -0.000001 30374.dat
1 70 -283.4294 -219.0734 10.0003 0.991443 0 -0.130526 -0.130526 -0.000001 -0.991445 0 1.000009 -0.000001 30374.dat
1 70 -204.1143 -229.5152 -112.5013 0.991443 0 0.130526 -0.130526 0.000001 0.991445 0 -1.000009 0.000001 63965.dat
1 70 -323.0879 -213.8525 0.0002 0 0.130526 -0.991443 -0.000001 0.991445 0.130526 1.000009 0.000001 0 32034.dat
1 0 -352.8314 -209.9368 0.0001 0.991443 0.130526 0 -0.130526 0.991445 -0.000001 0 0.000001 1.000009 32062.dat
1 70 -383.9724 -205.8369 0.0002 -0.130526 0.991443 0 -0.991445 -0.130526 -0.000001 -0.000002 0 1.000009 4589.dat
1 70 -389.0287 -205.1712 0.0002 0 0.991443 0.130527 -0.000001 -0.130526 0.991445 1.000009 0 0.000001 63965.dat
1 15 -283.4294 -219.0733 -72.8408 0.130526 0 0.991443 0.991445 -0.000001 -0.130526 0.000002 1.000009 0 80324.dat
1 15 -283.4295 -219.0735 74.761 -0.130526 0 0.991443 -0.991445 0.000001 -0.130526 -0.000002 -1.000009 0 80324.dat
1 15 -204.1143 -229.5154 -15.2802 -0.267238 0 0.963628 -0.96363 0.000001 -0.267239 -0.000001 -1.000009 0 2525.dat
1 70 -400.4303 -203.67 0.0002 -0.130526 0.991443 0 -0.991445 -0.130526 -0.000001 -0.000002 0 1.000009 85861.dat
1 70 -400.4303 -203.67 0.0001 0 0.991443 -0.130526 0.000001 -0.130526 -0.991445 -1.000009 0 -0.000002 64951.dat
1 15 -490.652 -191.7923 0.0002 0.130527 0.991443 0 0.991445 -0.130526 0.000001 0.000001 0 -1.000009 80324.dat
1 0 -202.5713 -218.8223 -19.9998 -0.25882 0 0.965926 -0.965926 0.000001 -0.25882 -0.000001 -1 0 40490.dat
1 70 -160 -96 0 0 0 1 0 1 0 -1 0 0 4738a.dat
1 70 -160 -113 0 0 0 1 0 1 0 -1 0 0 4739.dat
1 4 -22.1056 -166.9407 -20.0001 0 0.707112 0.707102 0 0.707102 -0.707112 -1 0 0 80286.dat
1 4 6.1788 -138.6566 -20.0001 0 0.707112 0.707102 0 0.707102 -0.707112 -1 0 0 80286.dat
1 4 -7.9634 -152.7986 -20.0001 -0.000001 0.707112 0.707102 0 0.707102 -0.707112 -1 0 0 80286.dat
1 4 -22.1056 -166.9406 20 0 -0.707112 0.707102 0.000001 -0.707102 -0.707112 1 0 0.000001 80286.dat
1 4 -7.9634 -152.7985 20 0 -0.707112 0.707102 0.000001 -0.707102 -0.707112 1 0 0.000001 80286.dat
1 4 6.1789 -138.6565 20 0 -0.707112 0.707102 0.000001 -0.707102 -0.707112 1 0 0.000001 80286.dat
