0 Untitled Model
0 Name:  WreckFront
0 Author:  
0 CustomBrick
0 FlexibleBrickControlPointUnitLength -1
0 NumOfBricks:  184
1 72 10.000000 -10.000000 10.000000 1.000000 0.000000 0.000000 0.000000 -1.000000 0.000000 0.000000 0.000000 -1.000000 15458.dat
1 0 70.000000 -10.000000 -20.000000 0.000000 0.000000 -1.000000 0.000000 1.000000 0.000000 1.000000 0.000000 0.000000 2780.dat
1 0 50.000000 -10.000000 -20.000000 0.000000 0.000000 -1.000000 0.000000 1.000000 0.000000 1.000000 0.000000 0.000000 2780.dat
1 0 -50.000010 -10.000000 -20.000000 0.000000 0.000000 -1.000000 0.000000 1.000000 0.000000 1.000000 0.000000 0.000000 2780.dat
1 0 -10.000010 -10.000000 -20.000000 0.000000 0.000000 -1.000000 0.000000 1.000000 0.000000 1.000000 0.000000 0.000000 2780.dat
1 0 90.000020 -20.000000 -10.000000 0.000000 0.000000 -1.000000 -1.000000 0.000000 0.000000 0.000000 1.000000 0.000000 2780.dat
1 71 -70.000000 -20.000000 30.000010 0.000000 0.000000 1.000000 -1.000000 0.000000 0.000000 0.000000 -1.000000 0.000000 3673.dat
1 19 90.000000 -30.000000 30.000000 0.000000 -1.000000 0.000000 -1.000000 0.000000 0.000000 0.000000 0.000000 -1.000000 32556.dat
1 0 -50.000020 -10.000000 -29.999990 0.000000 0.000000 -1.000000 -1.000000 0.000000 0.000000 0.000000 1.000000 0.000000 32316.dat
1 0 89.999980 -10.000000 -29.999990 0.000000 0.000000 -1.000000 -1.000000 0.000000 0.000000 0.000000 1.000000 0.000000 32316.dat
1 0 90.000000 -30.000000 10.000000 1.000000 0.000000 0.000000 0.000000 1.000000 0.000000 0.000000 0.000000 1.000000 32523.dat
1 0 90.000010 -40.000000 10.000010 0.000000 0.000000 -1.000000 -1.000000 0.000000 0.000000 0.000000 1.000000 0.000000 2780.dat
1 1 -70.000000 -20.000000 -10.000000 0.000000 0.000000 -1.000000 -1.000000 0.000000 0.000000 0.000000 1.000000 0.000000 43093.dat
1 0 -70.000000 -30.000000 -10.000000 1.000000 0.000000 0.000000 0.000000 1.000000 0.000000 0.000000 0.000000 1.000000 60483.dat
1 0 -70.000000 -40.000000 10.000010 0.000000 0.000000 -1.000000 -1.000000 0.000000 0.000000 0.000000 1.000000 0.000000 2780.dat
1 0 10.000030 -110.000000 10.000000 0.000000 0.000000 1.000000 1.000000 0.000000 0.000000 0.000000 1.000000 0.000000 39794.dat
1 0 -89.999970 -170.000000 0.002010 0.000000 0.000000 -1.000000 0.000000 1.000000 0.000000 1.000000 0.000000 0.000000 2780.dat
1 0 110.000000 -170.000000 0.002010 0.000000 0.000000 -1.000000 0.000000 1.000000 0.000000 1.000000 0.000000 0.000000 2780.dat
1 72 10.000030 -170.000000 -9.997970 0.000000 0.000000 -1.000000 -1.000000 0.000000 0.000000 0.000000 1.000000 0.000000 32525.dat
1 0 23.379720 -9.999990 186.490400 -0.939691 0.000000 0.342020 0.000000 1.000000 0.000000 -0.342020 0.000000 -0.939692 32316.dat
1 1 16.539140 -29.999990 205.284100 0.000000 -0.939691 0.342020 -1.000000 0.000000 0.000000 0.000000 -0.342020 -0.939692 6558.dat
1 0 23.379640 -29.999990 186.490200 0.000000 -0.939691 0.342020 -1.000000 0.000000 0.000000 0.000000 -0.342020 -0.939692 18651.dat
1 0 16.540190 -29.999990 205.288100 -0.939689 0.000000 0.342018 0.000000 1.000000 0.000000 -0.342019 0.000000 -0.939690 32523.dat
1 0 9.698709 -45.000040 224.077900 -0.939691 0.000000 0.342019 0.000000 1.000000 0.000000 -0.342020 0.000000 -0.939692 6632.dat
1 0 9.698720 -54.980050 224.077900 -0.939691 0.000000 0.342020 0.000000 1.000000 0.000000 -0.342020 0.000000 -0.939692 6632.dat
1 71 37.060430 -20.000000 148.902700 0.000000 -0.998627 0.052334 -1.000000 0.000000 0.000000 0.000000 -0.052335 -0.998628 3673.dat
1 0 -16.469540 -29.999990 89.451440 -0.743144 0.000000 -0.669131 0.000000 1.000000 0.000000 0.669131 0.000000 -0.743144 40490.dat
1 0 10.295500 -19.999990 119.176900 0.000000 -0.998627 0.052334 -1.000000 0.000000 0.000000 0.000000 -0.052335 -0.998628 2780.dat
1 0 47.156420 -9.999980 134.709400 0.388319 0.000000 0.921524 0.000000 1.000000 0.000000 -0.921523 0.000000 0.388318 32316.dat
1 19 84.017310 -29.999980 150.242300 0.000000 0.388319 0.921524 -1.000000 0.000000 0.000000 0.000000 -0.921523 0.388318 32556.dat
1 0 47.156400 -19.999990 134.709400 0.000000 -0.388319 0.921523 1.000000 0.000000 0.000000 0.000000 0.921523 0.388318 6628.dat
1 0 84.017310 -29.999980 150.242300 -0.921523 0.000000 0.388319 0.000000 1.000000 0.000000 -0.388318 0.000000 -0.921523 18654.dat
1 0 85.813190 -50.000000 109.890400 -0.998629 0.000000 0.052335 0.000000 1.000000 0.000000 -0.052335 0.000000 -0.998629 40490.dat
1 0 86.859900 -40.000000 89.917790 0.000000 0.052336 -0.998629 1.000000 0.000000 0.000000 0.000000 -0.998629 -0.052336 2780.dat
1 1 84.766490 -40.000000 129.862900 0.000000 0.052336 -0.998629 1.000000 0.000000 0.000000 0.000000 -0.998629 -0.052336 43093.dat
1 14 88.953320 -30.000000 49.972620 -0.052336 0.000000 -0.998629 0.000000 1.000000 0.000000 0.998629 0.000000 -0.052336 32009.dat
1 71 81.626360 -60.000000 189.780700 0.000000 -0.998630 0.052334 -1.000000 0.000000 0.000000 0.000000 -0.052334 -0.998630 3673.dat
1 0 45.382870 -69.999980 206.704500 -0.423093 0.000000 0.906087 0.000000 1.000000 0.000000 -0.906087 0.000000 -0.423093 32316.dat
1 19 9.139370 -71.730000 223.628200 0.000000 -0.939692 0.342022 -1.000000 0.000000 0.000000 0.000000 -0.342019 -0.939692 6587.dat
1 0 9.139420 -89.730700 223.629300 0.000000 -0.342023 -0.939700 -1.000009 0.000000 0.000000 0.000000 0.939699 -0.342026 6553.dat
1 27 9.139080 -101.730300 223.628500 -0.939102 0.000000 0.343662 0.000000 1.000009 0.000000 -0.343662 0.000000 -0.939093 54200.dat
1 0 130.000000 -110.000000 30.000020 0.000000 1.000000 0.000000 0.000000 0.000000 1.000000 1.000000 0.000000 0.000000 14720.dat
1 0 120.000000 -150.000000 10.000020 1.000000 0.000000 0.000000 0.000000 -1.000000 0.000000 0.000000 0.000000 -1.000000 2780.dat
1 0 120.000000 -69.999980 10.000040 1.000000 0.000000 0.000000 0.000000 -1.000000 0.000000 0.000000 0.000000 -1.000000 2780.dat
1 1 130.000000 -89.999950 50.000030 0.000000 1.000000 0.000000 0.000000 0.000000 1.000000 1.000000 0.000000 0.000000 6558.dat
1 1 130.000000 -129.999900 50.000030 0.000000 1.000000 0.000000 0.000000 0.000000 1.000000 1.000000 0.000000 0.000000 6558.dat
1 0 130.000000 -110.000100 50.000000 1.000000 0.000000 0.000000 0.000000 0.000000 1.000000 0.000000 -1.000000 0.000000 32523.dat
1 0 130.000000 -89.999930 70.000000 1.000000 0.000000 0.000000 0.000000 0.000000 1.000000 0.000000 -1.000000 0.000000 32316.dat
1 71 130.000000 -49.999960 80.000000 0.000000 -0.998630 0.052335 0.000000 -0.052335 -0.998630 1.000000 0.000000 0.000000 3673.dat
1 14 130.000000 -39.999960 89.999980 1.000000 0.000000 0.000000 0.000000 0.000000 1.000000 0.000000 -1.000000 0.000000 43857.dat
1 0 -9.999980 -50.000000 20.002000 0.000000 0.000000 -1.000000 0.000000 1.000000 0.000000 1.000000 0.000000 0.000000 2780.dat
1 0 -89.999970 -90.000010 20.002020 0.000000 0.000000 -1.000000 0.000000 1.000000 0.000000 1.000000 0.000000 0.000000 2780.dat
1 0 -89.999950 -90.000010 30.002020 0.000000 0.000000 1.000000 1.000000 0.000000 0.000000 0.000000 1.000000 0.000000 32526.dat
1 0 -69.999960 -90.000010 40.002020 0.000000 0.000000 -1.000000 0.000000 1.000000 0.000000 1.000000 0.000000 0.000000 2780.dat
1 0 10.000050 -160.000000 10.000000 0.000000 0.000000 -1.000000 1.000000 0.000000 0.000000 0.000000 -1.000000 0.000000 2780.dat
1 0 10.000050 -150.000000 10.000000 0.000000 1.000000 0.000000 1.000000 0.000000 0.000000 0.000000 0.000000 -1.000000 32013.dat
1 4 10.000040 -150.000000 50.000000 0.000000 0.000000 1.000000 0.000000 1.000000 0.000000 -1.000000 0.000000 0.000000 11214.dat
1 0 -53.999860 -101.999900 49.999980 0.600001 0.000000 -0.800000 0.800000 0.000000 0.600001 0.000000 -1.000000 0.000000 40490.dat
1 0 -21.999850 -126.000000 59.999980 0.000000 0.000000 -1.000000 0.000000 1.000000 0.000000 1.000000 0.000000 0.000000 2780.dat
1 0 -1.999830 -166.000000 69.999980 -0.600000 0.800000 0.000000 -0.800000 -0.600000 0.000000 0.000000 0.000000 1.000000 87080.dat
1 0 30.000060 -170.000000 18.002000 1.000000 0.000000 0.000000 0.000000 0.000000 1.000000 0.000000 -1.000000 0.000000 2714b.dat
1 15 30.000050 -170.000000 34.252040 -0.058958 0.000000 0.998261 0.998261 0.000000 0.058958 0.000000 1.000000 0.000000 2525.dat
1 0 -7.961720 -89.730700 270.614300 -0.939693 0.342020 0.000000 0.000000 0.000000 -1.000000 -0.342020 -0.939693 0.000000 3941.dat
1 27 -29.492140 -79.730700 271.291600 0.000000 0.342021 0.939690 -1.000002 0.000000 0.000000 0.000000 -0.939692 0.342020 92946.dat
1 27 8.095560 -79.730720 284.972400 0.000001 0.342021 -0.939690 1.000002 0.000000 0.000001 0.000001 -0.939692 -0.342020 92946.dat
1 0 -18.906720 -79.730720 300.684400 -0.939690 0.342021 0.000000 0.000000 0.000000 -1.000002 -0.342020 -0.939692 0.000000 3004.dat
1 0 -16.170600 -99.730790 293.166900 0.939690 0.342021 0.000000 0.000000 0.000000 1.000002 0.342020 -0.939692 0.000000 30236.dat
1 326 -28.303750 -99.730640 297.264300 -0.939690 0.342021 0.000000 0.000000 0.000000 -1.000002 -0.342020 -0.939688 0.000000 98138.dat
1 326 -9.509830 -99.730790 304.104600 -0.939690 0.342021 0.000000 0.000000 0.000000 -1.000002 -0.342020 -0.939692 0.000000 98138.dat
1 15 -21.642940 -79.730700 308.201900 0.939690 0.342020 0.000000 0.000000 0.000000 1.000000 0.342020 -0.939690 0.000000 15208.dat
1 0 -21.642980 -79.730720 308.202300 -0.939690 0.342021 0.000000 0.000000 0.000000 -1.000002 -0.342020 -0.939692 0.000000 85984.dat
1 0 -12.994740 -119.730800 283.681200 -0.342021 0.000000 0.939690 0.000000 -1.000002 0.000000 0.939692 0.000000 0.342020 48729b.dat
1 0 -26.675530 -141.140900 321.268900 -0.939690 0.000000 -0.342021 0.000000 -1.000002 0.000000 -0.342020 0.000000 0.939692 4735.dat
1 35 -26.675530 -141.140900 321.268900 -0.939690 0.000000 -0.342021 0.000000 -1.000002 0.000000 -0.342020 -0.000001 0.939692 58176.dat
1 72 110.000700 -10.000460 -70.000230 1.000003 0.000002 0.000000 -0.000002 1.000000 0.000000 0.000000 0.000000 1.000000 39793.dat
1 0 80.000430 -10.000370 -50.000240 1.000003 0.000002 0.000000 -0.000002 1.000000 0.000000 0.000000 0.000000 1.000000 2780.dat
1 0 80.000430 -10.000380 -90.000310 1.000003 0.000002 0.000000 -0.000002 1.000000 0.000000 0.000000 0.000000 1.000000 2780.dat
1 72 9.999889 -10.000220 -70.000300 1.000004 -0.000002 0.000000 -0.000002 -1.000000 0.000000 0.000000 0.000000 -1.000002 71709.dat
1 0 50.000340 -20.000280 -90.000330 -0.000002 1.000003 0.000000 -1.000000 -0.000002 0.000000 0.000000 0.000000 1.000002 2780.dat
1 0 50.000120 -20.000050 -50.000540 -0.000002 1.000000 0.000000 -1.000000 -0.000002 0.000000 0.000000 0.000000 1.000002 2780.dat
1 0 -30.000220 -20.000040 -90.000460 -0.000002 1.000003 0.000000 -1.000000 -0.000002 0.000000 0.000000 0.000000 1.000002 2780.dat
1 0 -30.000210 -20.000010 -50.000160 -0.000002 1.000003 0.000000 -1.000000 -0.000002 0.000000 0.000000 0.000000 1.000002 2780.dat
1 0 9.999880 -30.000160 -70.000300 1.000003 0.000002 0.000000 -0.000002 1.000000 0.000000 0.000000 0.000000 1.000000 64179.dat
1 71 30.000050 -30.000220 -9.999880 0.000000 0.000002 1.000003 0.000000 1.000000 -0.000002 -1.000000 0.000000 0.000000 32054.dat
1 71 30.000110 -30.000160 -130.000100 0.000000 0.000002 -1.000003 0.000000 1.000000 0.000002 1.000000 0.000000 0.000000 32054.dat
1 72 29.999960 -130.000500 -70.000220 -1.000003 0.000000 -0.000002 0.000002 0.000000 -1.000000 0.000000 -1.000000 0.000000 32525.dat
1 1 29.999620 -230.000400 -70.000040 0.000000 1.000003 -0.000002 -0.000001 -0.000002 -1.000000 -1.000000 0.000000 0.000001 6558.dat
1 1 30.000000 -30.000200 -70.000140 0.000000 1.000003 -0.000002 -0.000001 -0.000002 -1.000000 -1.000000 0.000000 0.000001 6558.dat
1 72 29.999400 -130.000400 -50.000050 -1.000004 0.000000 -0.000002 0.000002 0.000000 -1.000000 0.000000 -1.000000 0.000000 32525.dat
1 72 29.999950 -130.000500 -90.000220 -1.000004 0.000000 -0.000002 0.000002 0.000000 -1.000000 0.000000 -1.000000 0.000000 32525.dat
1 0 29.999770 -190.000200 -39.999950 0.000000 1.000003 -0.000002 0.000000 -0.000002 -1.000000 -1.000001 0.000000 0.000000 2780.dat
1 0 29.999950 -70.000040 -39.999960 0.000000 1.000003 -0.000002 0.000000 -0.000002 -1.000000 -1.000001 0.000000 0.000000 2780.dat
1 72 29.999970 -109.999900 -29.999960 -1.000004 0.000000 -0.000002 0.000002 -0.000001 -1.000000 0.000000 -1.000000 0.000001 32525.dat
1 0 29.999960 -50.000110 -19.999950 0.000000 1.000003 -0.000002 0.000000 -0.000002 -1.000000 -1.000001 0.000000 0.000000 2780.dat
1 0 29.999990 -69.999960 -100.000200 0.000000 1.000003 -0.000002 0.000000 -0.000002 -1.000000 -1.000001 0.000000 0.000000 2780.dat
1 0 29.999750 -190.000300 -100.000200 0.000000 1.000003 -0.000002 0.000000 -0.000002 -1.000000 -1.000001 0.000000 0.000000 2780.dat
1 72 30.000000 -110.000000 -110.000300 -1.000004 0.000000 -0.000002 0.000002 -0.000001 -1.000000 0.000000 -1.000000 0.000001 32525.dat
1 0 29.999940 -50.000250 -120.000200 0.000000 1.000003 -0.000002 0.000000 -0.000002 -1.000000 -1.000001 0.000000 0.000000 2780.dat
1 71 30.000060 -10.000200 -110.000400 0.000000 0.000002 -1.000003 0.000000 1.000000 0.000002 1.000000 0.000000 0.000000 32054.dat
1 1 30.000130 -10.000170 -29.999980 0.000000 1.000003 -0.000002 -0.000001 -0.000002 -1.000000 -1.000000 0.000000 0.000001 6558.dat
1 72 -38.845000 -119.608400 -50.000530 -0.913408 0.000000 -0.407062 0.407060 0.000000 -0.913403 0.000000 -1.000001 0.000000 6629.dat
1 1 -55.127230 -156.144400 -70.000740 -0.000001 -0.407062 -0.913408 0.000001 -0.913403 0.407060 -1.000002 -0.000001 0.000001 6558.dat
1 71 -46.986460 -137.876500 -70.000690 -0.913407 0.000000 -0.407062 0.407060 0.000000 -0.913403 0.000000 -1.000001 0.000000 32523.dat
1 72 -38.844440 -119.608900 -89.999980 -0.913413 0.000000 -0.407060 0.407061 0.000000 -0.913405 0.000000 -0.999999 0.000000 6629.dat
1 0 -46.986320 -137.876400 -100.000800 0.000000 0.407062 -0.913408 0.000000 0.913402 0.407060 1.000002 0.000001 0.000000 2780.dat
1 0 -71.409980 -192.680900 -100.000700 0.000000 0.407062 -0.913408 0.000000 0.913402 0.407060 1.000002 0.000001 0.000000 2780.dat
1 0 -46.986340 -137.876500 -40.000420 0.000000 0.407062 -0.913408 0.000000 0.913402 0.407060 1.000002 0.000001 0.000000 2780.dat
1 0 -71.409880 -192.680700 -40.000490 0.000000 0.407062 -0.913408 0.000000 0.913402 0.407060 1.000002 0.000001 0.000000 2780.dat
1 10 -99.050600 -215.396800 -100.000700 0.974960 0.000000 -0.222397 0.222394 0.000000 0.974959 0.000000 -1.000002 0.000000 24866.dat
1 72 -30.705560 -101.339600 -110.000400 -0.913407 0.000000 0.407062 0.407060 0.000001 0.913402 0.000000 1.000001 -0.000001 32525.dat
1 72 -30.703900 -101.340300 -30.000280 -0.913409 0.000000 0.407062 0.407060 0.000001 0.913403 -0.000001 1.000001 -0.000001 32525.dat
1 71 -38.845000 -119.608400 -70.000550 0.000000 0.913407 0.407062 0.000000 -0.407060 0.913403 1.000002 0.000000 0.000001 32073.dat
1 0 -30.703540 -101.340000 -120.000800 0.000000 0.407062 -0.913408 0.000000 0.913402 0.407060 1.000002 0.000001 0.000000 2780.dat
1 0 -30.703890 -101.340400 -20.000240 0.000000 0.275977 -0.961168 0.000000 0.961164 0.275975 1.000002 0.000000 0.000000 2780.dat
1 71 9.999940 -10.000200 -110.000400 0.000000 0.000002 -1.000003 0.000000 1.000000 0.000002 1.000000 0.000000 0.000000 32054.dat
1 4 9.999900 -10.000240 -29.999920 0.000000 0.000002 -1.000003 0.000000 1.000000 0.000002 1.000000 0.000000 0.000000 11214.dat
1 0 -0.803090 -75.518300 -9.999929 0.637963 0.000000 -0.770075 -0.770070 0.000000 -0.637960 0.000000 1.000001 0.000000 32316.dat
1 0 0.099250 -75.821520 -130.000500 0.637962 0.000000 -0.770075 -0.770070 0.000000 -0.637960 0.000000 1.000001 0.000000 32316.dat
1 72 50.000060 -40.000280 -129.999900 -0.000002 0.000000 1.000003 -1.000000 0.000000 -0.000002 0.000000 -1.000000 0.000000 4274.dat
1 288 50.000150 -44.000320 -130.000000 0.000000 0.000002 -1.000003 0.000000 1.000000 0.000002 1.000000 0.000000 0.000000 30093.dat
1 14 29.999360 -38.228810 -198.301400 -0.000005 -0.000006 1.000004 -0.707100 0.707101 0.000000 -0.707107 -0.707101 -0.000008 4519.dat
1 0 30.100760 -66.376740 -226.449700 -0.000006 -0.382695 -0.923878 0.707101 -0.653277 0.270603 -0.707101 -0.653278 0.270612 32015.dat
1 0 29.999360 -38.228810 -198.301400 0.000006 0.000005 -1.000004 -0.707102 0.707100 0.000000 0.707101 0.707106 0.000008 60483.dat
1 71 29.999720 -9.939340 -170.011300 1.000003 -0.000006 0.000005 0.000000 0.707101 0.707100 -0.000008 -0.707101 0.707107 32192.dat
1 0 9.902060 -66.372440 -226.445400 0.000006 0.382696 0.923896 -0.707105 -0.653283 0.270596 0.707098 -0.653298 0.270593 32015.dat
1 14 9.999249 -38.228690 -198.301200 -0.000005 -0.000006 1.000004 -0.707100 0.707102 0.000000 -0.707107 -0.707101 -0.000008 4519.dat
1 71 10.000530 -9.939050 -170.011400 1.000003 -0.000006 0.000005 0.000000 0.707110 0.707102 -0.000008 -0.707109 0.707110 32192.dat
1 0 30.100920 -73.448040 -219.378600 0.000006 1.000003 0.000005 -0.707101 0.000001 0.707100 0.707101 -0.000008 0.707107 2780.dat
1 0 9.897750 -73.447880 -219.378300 0.000006 1.000003 0.000005 -0.707101 0.000001 0.707100 0.707101 -0.000008 0.707107 2780.dat
1 0 20.100740 -94.661060 -226.449500 -1.000003 -0.000006 -0.000005 -0.000001 0.707101 -0.707100 0.000008 -0.707101 -0.707107 69819.dat
1 4 20.100670 -94.661110 -226.449500 1.000003 -0.000006 0.000005 0.000000 0.707101 0.707099 -0.000008 -0.707101 0.707107 32062.dat
1 1 19.592670 -108.803100 -240.591600 -1.000003 -0.000006 -0.000005 -0.000001 0.707101 -0.707100 0.000008 -0.707101 -0.707107 32039.dat
1 4 29.999920 -10.000050 -139.999900 0.000008 0.000000 -1.000003 -0.000006 1.000000 0.000000 1.000002 0.000006 0.000008 32062.dat
1 4 9.999820 -10.000050 -139.999800 0.000008 0.000000 -1.000004 -0.000006 1.000000 0.000000 1.000002 0.000006 0.000008 32062.dat
1 72 110.000700 -20.000420 -50.000230 0.000000 0.819169 0.573582 -1.000002 -0.000001 -0.000001 0.000001 -0.573589 0.819159 4274.dat
1 353 109.999100 -104.161100 -49.998680 -0.573577 0.000001 0.819152 0.000000 1.000000 -0.000001 -0.819152 0.000000 -0.573577 49577.dat
1 226 126.387300 -54.160520 -37.058500 0.000000 0.819169 0.573582 -1.000002 -0.000001 -0.000001 0.000001 -0.573589 0.819159 24866.dat
1 15 73.136210 -79.160350 -36.395190 -0.573582 0.000000 0.819169 0.000001 1.000002 -0.000001 -0.819159 -0.000001 -0.573589 60115.dat
1 15 67.400340 -34.160420 -44.586940 0.573582 0.819169 -0.000001 0.000000 0.000000 1.000002 0.819159 -0.573589 -0.000001 6266.dat
1 15 78.871960 -34.160460 -28.203630 0.573582 0.819169 0.000000 -0.000001 0.000000 1.000002 0.819159 -0.573589 -0.000001 6266.dat
1 15 73.136260 -103.710400 -36.395160 0.573582 0.000000 -0.819169 -0.000001 1.000002 0.000001 0.819159 -0.000001 0.573589 3626bpaq.dat
1 15 62.272940 -71.854760 -51.909510 0.564873 -0.099575 -0.819169 0.173603 0.984818 0.000001 0.806721 -0.142209 0.573589 93609.dat
1 15 83.999430 -71.854790 -20.880920 0.564873 0.099575 -0.819169 -0.173604 0.984818 0.000001 0.806722 0.142206 0.573589 93609.dat
1 0 73.136240 -103.710400 -36.395180 0.573582 0.000000 -0.819169 -0.000001 1.000002 0.000001 0.819159 -0.000001 0.573589 2528.dat
1 0 -79.323480 -90.138940 -193.685200 -0.923884 0.000006 -0.382673 -0.270592 -0.707113 0.653278 -0.270590 0.707100 0.653292 87080.dat
1 0 -57.018950 -91.259930 -194.806400 0.382674 0.000006 -0.923884 -0.653278 -0.707114 -0.270592 -0.653292 0.707100 -0.270591 2780.dat
1 0 -57.019220 -62.975640 -223.090200 0.382674 0.000006 -0.923884 -0.653277 -0.707114 -0.270592 -0.653292 0.707100 -0.270591 2780.dat
1 72 -94.630320 -71.078860 -160.482600 0.000006 -0.382673 -0.923884 -0.707113 0.653278 -0.270592 0.707100 0.653293 -0.270591 4274.dat
1 70 -94.630190 -85.221110 -146.340500 0.923884 -0.000006 -0.382673 0.270592 0.707113 0.653278 0.270590 -0.707100 0.653292 24855.dat
1 0 -71.669680 -131.488900 -178.467200 0.923884 0.000006 0.382673 0.270592 -0.707113 -0.653278 0.270590 0.707100 -0.653292 64682.dat
1 1 -59.260720 -40.671270 -200.785600 0.923884 -0.000006 -0.382673 0.270592 0.707113 0.653278 0.270590 -0.707100 0.653292 43093.dat
1 0 -27.053640 -77.196240 -237.269100 0.923884 -0.000006 -0.382673 0.270592 0.707113 0.653277 0.270589 -0.707100 0.653292 18651.dat
1 71 -43.153130 -58.951000 -219.023200 0.000006 0.923884 -0.382673 -0.707114 0.270592 0.653278 0.707100 0.270591 0.653292 32449.dat
1 71 -34.025560 -56.276790 -216.350300 0.000007 0.923861 -0.382675 -0.707106 0.270585 0.653276 0.707091 0.270585 0.653299 32449.dat
1 84 19.592040 -201.080200 -332.869500 -0.000002 0.000005 1.000000 0.707110 0.707104 -0.000002 -0.707104 0.707110 -0.000005 11090.dat
1 28 19.981950 -203.079800 -352.869100 -1.000000 0.000002 -0.000005 0.000002 0.999998 -0.000001 0.000005 -0.000001 -0.999998 2540.dat
1 0 19.592230 -174.210200 -305.999300 -1.000000 -0.000005 0.000002 0.000002 -0.707104 -0.707110 0.000005 -0.707110 0.707104 63965.dat
1 0 19.981740 -307.079700 -352.869200 1.000000 0.000002 0.000005 -0.000002 0.999998 0.000001 -0.000005 -0.000001 0.999998 973.dat
1 0 35.453600 -298.203900 -352.869400 0.985328 0.120688 -0.120680 -0.170672 0.696732 -0.696731 -0.000005 0.707105 0.707107 3819.dat
1 0 4.407150 -298.172400 -352.869100 0.985496 -0.119993 0.120001 0.169702 0.696851 -0.696849 -0.000005 0.707106 0.707106 3818.dat
1 0 43.880040 -278.852100 -346.505300 0.970872 -0.168161 -0.170673 -0.168168 0.029130 -0.985326 0.170666 0.985327 0.000002 3820.dat
1 0 -3.940130 -279.160900 -346.151500 0.982975 0.070438 0.169702 0.169268 0.012129 -0.985494 -0.071475 0.997441 0.000000 3820.dat
1 0 19.981720 -331.079600 -352.869000 1.000000 0.000002 0.000005 -0.000002 0.999998 0.000001 -0.000005 -0.000001 0.999998 3626b.dat
1 378 19.981850 -275.079200 -352.869300 1.000000 0.000002 0.000005 -0.000002 1.000001 -0.000002 -0.000005 -0.000001 1.000001 51345.dat
1 0 118.777500 -90.011920 -193.516400 -0.923872 0.000005 0.382693 0.270602 -0.707110 0.653278 0.270609 0.707104 0.653282 87086.dat
1 0 96.473010 -91.132630 -194.637200 -0.382694 0.923871 0.000005 -0.653277 -0.270603 -0.707110 -0.653281 -0.270610 0.707104 2780.dat
1 0 96.472880 -62.848180 -222.921300 -0.382694 0.923871 0.000005 -0.653277 -0.270603 -0.707110 -0.653281 -0.270610 0.707104 2780.dat
1 0 111.123700 -131.361500 -178.297700 0.923875 0.000004 -0.382694 -0.270602 -0.707110 -0.653278 -0.270609 0.707103 -0.653281 64392.dat
1 1 98.711110 -40.550460 -200.623400 -0.923872 -0.000005 -0.382693 0.270602 0.707110 -0.653278 0.270609 -0.707104 -0.653282 43093.dat
1 0 67.055820 -77.200870 -237.274200 -0.923875 -0.000005 -0.382696 0.270603 0.707109 -0.653278 0.270611 -0.707105 -0.653278 18651.dat
1 71 82.611010 -58.795700 -218.868800 -0.000005 -0.923872 0.382693 0.707110 0.270602 0.653278 -0.707104 0.270609 0.653282 32449.dat
1 71 73.372260 -56.089710 -216.162600 -0.000005 -0.923872 0.382693 0.707110 0.270602 0.653278 -0.707104 0.270609 0.653282 32449.dat
1 0 -15.375860 -120.650500 -69.999970 0.000000 -0.422618 0.906310 0.000001 -0.906307 -0.422618 1.000000 0.000001 0.000000 27940.dat
1 297 -15.375900 -120.650500 -70.000000 -0.422617 -0.906310 0.000000 -0.906307 0.422618 -0.000001 0.000001 0.000000 -1.000000 32054.dat
1 14 -15.375830 -120.650400 -109.999800 -0.906310 0.000000 -0.422618 0.422618 -0.000001 -0.906307 -0.000001 -0.999999 0.000001 32014.dat
1 14 -15.375890 -120.650400 -30.000000 -0.906310 -0.422617 0.000000 0.422618 -0.906307 0.000001 -0.000001 0.000001 1.000000 32014.dat
1 14 1.528860 -84.398150 -109.999800 -0.422617 -0.906310 0.000000 -0.906307 0.422618 -0.000001 0.000001 0.000000 -1.000000 4519.dat
1 14 1.528840 -84.398140 -70.000030 -0.422617 -0.906310 0.000000 -0.906307 0.422618 -0.000001 0.000001 0.000000 -1.000000 4519.dat
1 14 1.528820 -84.398070 -29.999970 -0.422617 -0.906310 0.000000 -0.906307 0.422618 -0.000001 0.000001 0.000000 -1.000000 4519.dat
1 14 -28.054220 -147.839300 -69.999840 -0.422617 -0.906307 0.000000 -0.906304 0.422616 -0.000001 0.000001 0.000000 -1.000000 62462.dat
1 14 -74.542270 -247.533300 -69.999960 -0.422617 -0.906310 0.000000 -0.906307 0.422618 -0.000001 0.000001 0.000000 -1.000000 23948.dat
1 14 -117.243800 -339.107300 -70.000240 0.000000 0.422619 -0.906308 0.000001 0.906309 0.422618 1.000002 -0.000001 0.000000 32474.dat
1 14 -38.619780 -170.497300 -70.000020 0.000000 -0.906310 -0.422617 0.000001 0.422618 -0.906307 1.000000 0.000000 0.000001 32123a.dat
1 0 19.981720 -331.079600 -352.869000 1.000000 0.000000 0.000000 0.000000 1.000000 0.000000 0.000000 0.000000 1.000000 41612.dat
