0 Untitled Model
0 Name:  Artist
0 Author:  
0 CustomBrick
0 FlexibleBrickControlPointUnitLength -1
0 NumOfBricks:  93
1 15 -10.000010 -10.000000 -9.999990 0.000000 0.000000 1.000000 0.000000 1.000000 0.000000 -1.000000 0.000000 0.000000 64179.dat
1 0 59.999980 -10.000000 10.000020 1.000000 0.000000 0.000000 0.000000 1.000000 0.000000 0.000000 0.000000 1.000000 2780.dat
1 0 60.000000 -10.000000 -29.999980 1.000000 0.000000 0.000000 0.000000 1.000000 0.000000 0.000000 0.000000 1.000000 2780.dat
1 0 -80.000010 -10.000000 -30.000000 1.000000 0.000000 0.000000 0.000000 1.000000 0.000000 0.000000 0.000000 1.000000 2780.dat
1 1 -90.000030 -10.000000 10.000000 -1.000000 0.000000 0.000000 0.000000 1.000000 0.000000 0.000000 0.000000 -1.000000 6558.dat
1 0 49.999980 -20.000000 30.000020 0.000000 0.000000 -1.000000 -1.000000 0.000000 0.000000 0.000000 1.000000 0.000000 2780.dat
1 0 -70.000020 -20.000000 30.000000 0.000000 0.000000 -1.000000 -1.000000 0.000000 0.000000 0.000000 1.000000 0.000000 2780.dat
1 0 -70.000010 -20.000000 -50.000000 0.000000 0.000000 -1.000000 -1.000000 0.000000 0.000000 0.000000 1.000000 0.000000 2780.dat
1 0 50.000000 -20.000000 -49.999980 0.000000 0.000000 -1.000000 -1.000000 0.000000 0.000000 0.000000 1.000000 0.000000 2780.dat
1 15 -90.000010 -10.000000 -10.000000 0.000000 1.000000 0.000000 -1.000000 0.000000 0.000000 0.000000 0.000000 1.000000 32316.dat
1 15 70.000000 -10.000000 -9.999980 0.000000 1.000000 0.000000 -1.000000 0.000000 0.000000 0.000000 0.000000 1.000000 32316.dat
1 0 60.000000 -50.000010 -9.999980 0.000000 1.000000 0.000000 0.000000 0.000000 -1.000000 -1.000000 0.000000 0.000000 67139.dat
1 71 39.999990 -50.000020 30.000020 1.000000 0.000000 0.000000 0.000000 1.000000 0.000000 0.000000 0.000000 1.000000 3673.dat
1 70 10.000000 -49.999980 -50.000000 1.000000 0.000000 0.000000 0.000000 1.000000 0.000000 0.000000 0.000000 1.000000 15462.dat
1 19 30.000000 -50.000000 -50.000000 0.000000 0.000000 -1.000000 0.000000 1.000000 0.000000 1.000000 0.000000 0.000000 32269.dat
1 71 -0.400010 -37.499950 -50.000010 0.000000 0.000000 -1.000000 0.000000 1.000000 0.000000 1.000000 0.000000 0.000000 32905.dat
1 15 -40.000000 -49.999980 -50.002850 0.000000 0.000000 -1.000000 -1.000000 0.000000 0.000000 0.000000 1.000000 0.000000 59443.dat
1 0 -80.000010 -50.000000 -10.000000 0.000000 -1.000000 0.000000 0.000000 0.000000 -1.000000 1.000000 0.000000 0.000000 67139.dat
1 1 -90.000020 -49.999980 30.000010 -1.000000 0.000000 0.000000 0.000000 1.000000 0.000000 0.000000 0.000000 -1.000000 6558.dat
1 0 -70.000010 -79.999980 30.000000 0.000000 0.000000 -1.000000 -1.000000 0.000000 0.000000 0.000000 1.000000 0.000000 2780.dat
1 0 -70.000010 -80.000000 -50.000000 0.000000 0.000000 -1.000000 -1.000000 0.000000 0.000000 0.000000 1.000000 0.000000 2780.dat
1 0 49.999990 -80.000010 30.000020 0.000000 0.000000 -1.000000 -1.000000 0.000000 0.000000 0.000000 1.000000 0.000000 2780.dat
1 0 50.000000 -80.000000 -50.000000 0.000000 0.000000 -1.000000 -1.000000 0.000000 0.000000 0.000000 1.000000 0.000000 2780.dat
1 15 -10.000020 -90.000000 -10.000020 0.000000 0.000000 1.000000 0.000000 1.000000 0.000000 -1.000000 0.000000 0.000000 64179.dat
1 4 10.000000 -99.999980 -50.000000 0.000000 0.000000 -1.000000 -1.000000 0.000000 0.000000 0.000000 1.000000 0.000000 89678.dat
1 0 -90.000030 -49.999980 -49.999990 0.000000 1.000000 0.000000 -1.000000 0.000000 0.000000 0.000000 0.000000 1.000000 32526.dat
1 0 -100.000000 -49.999980 10.000010 1.000000 0.000000 0.000000 0.000000 1.000000 0.000000 0.000000 0.000000 1.000000 2780.dat
1 71 -100.000000 -89.999980 30.000010 1.000000 0.000000 0.000000 0.000000 1.000000 0.000000 0.000000 0.000000 1.000000 3673.dat
1 19 -80.000020 -49.999970 -50.000000 -1.000000 0.000000 0.000000 0.000000 1.000000 0.000000 0.000000 0.000000 -1.000000 99008.dat
1 14 -110.000000 -49.999970 -50.000000 0.000000 0.000000 -1.000000 0.000000 1.000000 0.000000 1.000000 0.000000 0.000000 32072.dat
1 15 29.999990 -50.000010 30.000020 1.000000 0.000000 0.000000 0.000000 0.906309 0.422619 0.000000 -0.422619 0.906309 32013.dat
1 28 29.999990 -66.904690 -6.252300 0.000000 1.000000 0.000000 -0.422619 0.000000 -0.906309 -0.906309 0.000000 0.422619 6587.dat
1 14 29.999980 -76.624880 -27.097360 0.000000 1.000000 0.000000 -0.906308 0.000000 0.422619 0.422619 0.000000 0.906308 32123a.dat
1 0 -50.000020 -10.000000 -60.000000 0.000000 0.000000 -1.000000 0.000000 -1.000000 0.000000 -1.000000 0.000000 0.000000 2780.dat
1 0 30.000000 -10.000000 -59.999980 0.000000 0.000000 -1.000000 0.000000 -1.000000 0.000000 -1.000000 0.000000 0.000000 2780.dat
1 15 -50.000020 -10.000000 -70.000010 1.000000 0.000000 0.000000 0.000000 0.000000 -1.000000 0.000000 1.000000 0.000000 22961.dat
1 15 30.000000 -10.000000 -69.999980 -1.000000 0.000000 0.000000 0.000000 0.000000 1.000000 0.000000 1.000000 0.000000 22961.dat
1 15 -10.000020 -10.000000 -70.000020 0.000000 0.000000 -1.000000 -1.000000 0.000000 0.000000 0.000000 1.000000 0.000000 32034.dat
1 31 10.000000 -108.000000 -50.000000 1.000000 0.000000 0.000000 0.000000 1.000000 0.000000 0.000000 0.000000 1.000000 98138.dat
1 72 -30.000000 -99.999980 -50.000020 0.000000 0.000000 -1.000000 1.000000 0.000000 0.000000 0.000000 -1.000000 0.000000 80477.dat
1 0 -10.000040 -40.000000 -70.000030 0.000000 -1.000000 0.000000 -1.000000 0.000000 0.000000 0.000000 0.000000 -1.000000 3705.dat
1 71 -10.000040 -30.000000 -70.000030 0.000000 1.000000 0.000000 0.000000 0.000000 -1.000000 -1.000000 0.000000 0.000000 3713.dat
1 72 -10.000040 -50.000000 -70.000030 0.000000 1.000000 0.000000 0.000000 0.000000 1.000000 1.000000 0.000000 0.000000 10928.dat
1 15 -9.997190 -80.000000 -70.000020 0.000000 -1.000000 0.000000 0.000000 0.000000 1.000000 -1.000000 0.000000 0.000000 59443.dat
1 0 -50.000000 -90.000000 -60.000030 0.000000 0.000000 -1.000000 0.000000 -1.000000 0.000000 -1.000000 0.000000 0.000000 2780.dat
1 0 30.000000 -90.000000 -60.000000 0.000000 0.000000 -1.000000 0.000000 -1.000000 0.000000 -1.000000 0.000000 0.000000 2780.dat
1 15 -50.000000 -110.000000 -70.000020 1.000000 0.000000 0.000000 0.000000 1.000000 0.000000 0.000000 0.000000 1.000000 6536.dat
1 15 30.000000 -110.000000 -70.000000 1.000000 0.000000 0.000000 0.000000 1.000000 0.000000 0.000000 0.000000 1.000000 6536.dat
1 4 -40.000000 -110.000000 -70.000020 1.000000 0.000000 0.000000 0.000000 1.000000 0.000000 0.000000 0.000000 1.000000 32062.dat
1 4 20.000000 -110.000000 -70.000000 1.000000 0.000000 0.000000 0.000000 1.000000 0.000000 0.000000 0.000000 1.000000 32062.dat
1 15 -9.999990 -110.000000 -70.000030 0.000000 0.000000 -1.000000 -1.000000 0.000000 0.000000 0.000000 1.000000 0.000000 32034.dat
1 0 -10.000000 -110.000000 -70.000030 0.000000 0.000000 -1.000000 1.000000 0.000000 0.000000 0.000000 -1.000000 0.000000 18651.dat
1 15 -110.000000 -49.999980 10.000010 0.000000 -1.000000 0.000000 0.000000 0.000000 -1.000000 1.000000 0.000000 0.000000 32316.dat
1 25 -110.000100 -176.602600 79.999980 0.000000 1.000000 0.000000 0.500000 0.000000 0.866025 0.866025 0.000000 -0.500000 6629.dat
1 4 -130.000000 -34.822940 53.569120 1.000000 0.000000 0.000000 0.000000 -0.919615 0.392820 0.000000 -0.392820 -0.919615 11214.dat
1 4 -130.000100 -176.602600 79.999980 1.000000 0.000000 0.000000 0.000000 -0.500000 0.866025 0.000000 -0.866025 -0.500000 11214.dat
1 1 -130.000100 -159.281900 69.999940 -1.000000 0.000000 -0.000001 0.000000 -0.500000 -0.866025 0.000000 -0.866025 0.500000 6558.dat
1 25 -130.000100 -159.282000 69.999960 0.000000 1.000000 0.000000 0.500000 0.000000 0.866025 0.866025 0.000000 -0.500000 32523.dat
1 25 -150.000000 -159.281900 69.999920 0.000000 1.000000 0.000000 0.500000 0.000000 0.866025 0.866025 0.000000 -0.500000 32523.dat
1 19 -90.000060 -141.961600 59.999970 -1.000000 0.000000 0.000000 0.000000 0.999999 0.001745 0.000000 0.001745 -0.999999 32556.dat
1 15 -90.000060 -141.961600 59.999970 1.000000 0.000000 -0.000001 -0.000001 0.680722 -0.732542 0.000001 0.732542 0.680722 32013.dat
1 0 -90.000030 -105.334400 25.963900 -0.000001 -1.000000 0.000000 -0.732543 0.000000 -0.680721 0.680722 -0.000001 -0.732543 3705.dat
1 15 -89.999970 -68.707310 -8.072170 -1.000000 0.000000 0.000001 0.000000 0.680721 0.732542 0.000000 0.732542 -0.680722 32013.dat
1 19 -99.999970 -68.707310 -8.072140 -1.000000 0.000000 0.000001 0.000000 0.680721 0.732542 0.000000 0.732542 -0.680722 3749.dat
1 15 -70.000060 -141.961600 59.999950 1.000000 0.000001 0.000000 -0.000001 0.804354 0.594151 0.000000 -0.594151 0.804354 32013.dat
1 71 -70.000070 -165.727700 27.825840 0.000001 0.000001 -1.000000 0.594151 0.804353 0.000001 0.804353 -0.594151 0.000000 4519.dat
1 15 -70.000080 -189.493800 -4.348280 -1.000000 0.000001 0.000000 0.000001 0.804353 -0.594152 0.000000 -0.594152 -0.804353 32013.dat
1 71 -60.000100 -189.493800 -4.348290 1.000000 0.000000 0.000000 0.000000 0.804353 0.594151 0.000000 -0.594151 0.804353 3673.dat
1 0 -10.000010 -189.999900 29.999990 0.000000 0.000000 -1.000001 -1.000000 0.000000 0.000000 0.000000 1.000000 0.000000 71709.dat
1 1 -30.000030 -110.000000 29.999980 0.000000 0.000000 1.000000 1.000000 0.000000 0.000000 0.000000 1.000000 0.000000 6558.dat
1 1 10.000040 -109.999900 29.999980 0.000000 0.000000 1.000001 1.000000 0.000000 0.000000 0.000000 1.000000 0.000000 6558.dat
1 0 20.000020 -189.999900 29.999990 1.000001 0.000000 0.000000 0.000000 0.000000 1.000000 0.000000 -1.000000 0.000000 2780.dat
1 0 20.000020 -210.000000 29.999990 1.000001 0.000000 0.000000 0.000000 0.000000 1.000000 0.000000 -1.000000 0.000000 2780.dat
1 71 -40.000040 -210.000000 29.999990 1.000001 0.000000 0.000000 0.000000 0.000000 -1.000000 0.000000 1.000000 0.000000 3673.dat
1 4 -30.000000 -229.999900 19.999980 0.000000 0.000000 -1.000001 0.000000 -1.000000 0.000000 -1.000000 0.000000 0.000000 89678.dat
1 4 10.000040 -229.999900 19.999980 0.000000 0.000000 -1.000001 0.000000 -1.000000 0.000000 -1.000000 0.000000 0.000000 89678.dat
1 0 -30.000030 -109.999900 19.999980 1.000001 0.000000 0.000000 0.000000 -1.000000 0.000000 0.000000 0.000000 -1.000000 43857.dat
1 0 10.000040 -109.999900 19.999980 1.000001 0.000000 0.000000 0.000000 -1.000000 0.000000 0.000000 0.000000 -1.000000 43857.dat
1 14 -9.999980 -239.999900 11.999980 1.000001 0.000000 0.000000 0.000000 0.000000 -1.000000 0.000000 1.000000 0.000000 3021.dat
1 0 -29.999970 -250.000000 3.999980 0.000000 0.000000 1.000001 1.000000 0.000000 0.000000 0.000000 1.000000 0.000000 36841.dat
1 0 10.000070 -249.999900 3.999980 0.000000 0.000000 -1.000001 -1.000000 0.000000 0.000000 0.000000 1.000000 0.000000 36841.dat
1 0 -9.999949 -250.000000 -4.000040 1.000001 0.000000 0.000000 0.000000 0.000000 -1.000000 0.000000 1.000000 0.000000 63864.dat
1 14 -9.999980 -229.999900 11.999980 -1.000001 0.000000 0.000000 0.000000 0.000000 1.000000 0.000000 1.000000 0.000000 54200.dat
1 14 -50.000040 -179.245600 -21.518700 0.000000 -1.000001 0.000000 0.858644 0.000000 -0.512573 0.512573 0.000000 0.858644 32140.dat
1 14 30.000020 -210.000000 -30.000060 0.000000 -1.000001 0.000000 1.000000 0.000000 0.000001 0.000000 0.000000 1.000000 32140.dat
1 4 -20.000000 -130.000000 -70.000020 0.000000 0.000000 -1.000000 0.000000 1.000000 0.000000 1.000000 0.000000 0.000000 43857.dat
1 4 -29.999990 -140.000000 -70.000020 0.000000 0.000000 -1.000000 -1.000000 0.000000 0.000000 0.000000 1.000000 0.000000 89678.dat
1 14 -29.999990 -148.000000 -70.000020 1.000000 0.000000 0.000000 0.000000 1.000000 0.000000 0.000000 0.000000 1.000000 6141.dat
1 15 -29.999990 -172.000000 -70.000020 0.000000 0.000000 -1.000000 0.000000 1.000000 0.000000 1.000000 0.000000 0.000000 3665.dat
1 14 -29.999990 -180.000000 -70.000020 0.000000 0.000000 1.000000 0.000000 1.000000 0.000000 -1.000000 0.000000 0.000000 61252.dat
1 4 -29.999990 -188.000000 -70.000020 1.000000 0.000000 0.000000 0.000000 1.000000 0.000000 0.000000 0.000000 1.000000 15712.dat
1 0 -140.000000 -34.822930 53.569100 0.000000 0.000000 1.000000 0.000000 1.000000 0.000000 -1.000000 0.000000 0.000000 55981.dat
1 0 -140.000000 -34.822930 53.569100 0.000000 0.000000 1.000000 0.000000 1.000000 0.000000 -1.000000 0.000000 0.000000 89201.dat
