0 Untitled Model
0 Name:  Audience
0 Author:  
0 CustomBrick
0 FlexibleBrickControlPointUnitLength -1
0 NumOfBricks:  7
1 25 0.000000 -9.000000 0.000000 1.000000 0.000000 0.000000 0.000000 0.000000 1.000000 0.000000 -1.000000 0.000000 3815c01.dat
1 25 0.000000 -9.000010 32.000000 1.000000 0.000000 0.000000 0.000000 0.000000 1.000000 0.000000 -1.000000 0.000000 973.dat
1 25 -15.574610 -9.000010 23.092840 0.985495 -0.169703 0.000000 0.000000 0.000000 1.000000 -0.169703 -0.985495 0.000000 3818.dat
1 25 15.471800 -9.000010 23.124320 0.985328 0.170671 0.000000 0.000000 0.000000 1.000000 0.170671 -0.985328 0.000000 3819.dat
1 25 -23.726460 -18.500010 5.216940 0.991565 0.048984 0.119999 -0.119999 0.696851 0.707107 -0.048984 -0.715542 0.696851 3820.dat
1 25 23.641180 -19.000010 5.256430 0.991482 0.048980 -0.120682 0.051228 0.705249 0.707107 0.119745 -0.707266 0.696733 3820.dat
1 25 0.000010 -9.000010 56.000000 1.000000 0.000000 0.000000 0.000000 0.000000 1.000000 0.000000 -1.000000 0.000000 3626b.dat
