0 FILE CameraShooter.io
0 Untitled Model
0 Name:  CameraShooter
0 Author:  
0 CustomBrick
0 FlexibleBrickControlPointUnitLength -1
0 NumOfBricks:  35
1 15 -80.000260 -9.000050 19.999760 0.000000 -0.000002 -1.000000 -1.000000 0.000000 0.000000 0.000000 1.000000 -0.000002 32316.dat
1 19 -120.000300 -9.000040 -0.000300 0.000001 0.000000 1.000000 0.000000 1.000000 0.000000 -1.000000 0.000000 0.000001 32556.dat
1 0 -78.873520 -174.950500 -0.000260 -0.970296 -0.241922 0.000000 -0.241922 0.970296 0.000000 0.000000 0.000000 -1.000000 65151c02.dat copy
1 1 -56.953580 -178.576900 -0.000320 0.000000 -0.999391 -0.034899 0.000000 0.034899 -0.999391 1.000000 0.000000 0.000000 6558.dat
1 1 -80.000380 -9.000050 -0.000240 0.000000 0.000000 -1.000000 0.000000 1.000000 0.000000 1.000000 0.000000 0.000000 6558.dat
1 1 -40.000080 -9.000060 -0.000180 0.000000 0.000000 -1.000000 0.000000 1.000000 0.000000 1.000000 0.000000 0.000000 6558.dat
1 0 -60.000260 -9.000060 -0.000230 0.000000 -0.000001 -1.000000 -1.000000 0.000000 0.000000 0.000000 1.000000 -0.000001 32523.dat
1 15 -80.000260 -9.000050 -20.000210 0.000000 -0.000002 -1.000000 -1.000000 0.000000 0.000000 0.000000 1.000000 -0.000002 32316.dat
1 15 -0.000020 -9.000060 -40.000210 0.000000 -0.000001 -1.000000 -1.000000 0.000000 0.000000 0.000000 1.000000 -0.000001 41239.dat
1 1 -100.000400 -9.000050 -40.000260 0.000000 0.000000 -1.000000 0.000000 1.000000 0.000000 1.000000 0.000000 0.000000 6558.dat
1 1 -60.000260 -9.000060 -40.000260 0.000000 0.000000 -1.000000 0.000000 1.000000 0.000000 1.000000 0.000000 0.000000 6558.dat
1 0 120.000200 -9.000070 -50.000220 0.000000 0.000000 -1.000000 0.000000 1.000000 0.000000 1.000000 0.000000 0.000000 2780.dat
1 0 39.999970 -9.000070 -50.000220 0.000000 0.000000 -1.000000 0.000000 1.000000 0.000000 1.000000 0.000000 0.000000 2780.dat
1 15 -79.999780 -9.000000 -60.000260 0.000000 -0.000002 -1.000000 -1.000000 0.000000 0.000000 0.000000 1.000000 -0.000002 32316.dat
1 15 80.000000 -9.000070 -60.000000 0.000000 -0.000002 -1.000000 -1.000000 0.000000 0.000000 0.000000 1.000000 -0.000002 32316.dat
1 15 -0.000140 -9.000050 39.999690 0.000000 0.000000 -1.000000 1.000000 0.000000 0.000000 0.000000 -1.000000 0.000000 41239.dat
1 1 -100.000500 -9.000040 39.999640 0.000001 0.000000 -1.000000 0.000000 -1.000000 0.000000 -1.000000 0.000000 -0.000001 6558.dat
1 1 -60.000260 -9.000040 39.999690 0.000001 0.000000 -1.000000 0.000000 -1.000000 0.000000 -1.000000 0.000000 -0.000001 6558.dat
1 0 119.999800 -9.000050 49.999760 0.000000 0.000000 -1.000000 0.000000 -1.000000 0.000000 -1.000000 0.000000 0.000000 2780.dat
1 0 39.999970 -9.000050 49.999740 0.000001 0.000000 -1.000000 0.000000 -1.000000 0.000000 -1.000000 0.000000 -0.000001 2780.dat
1 15 -80.000380 -9.000040 59.999710 0.000000 -0.000001 -1.000000 1.000000 0.000000 0.000000 0.000000 -1.000000 0.000002 32316.dat
1 15 79.999900 -9.000050 59.999700 0.000000 -0.000001 -1.000000 1.000000 0.000000 0.000000 0.000000 -1.000000 0.000002 32316.dat
1 0 -56.953560 -178.576900 -30.000320 0.000000 -0.999391 -0.034899 0.000000 0.034899 -0.999391 1.000000 0.000000 0.000000 62462.dat
1 0 -56.953740 -178.576900 29.999640 0.000000 -0.999391 -0.034899 0.000000 0.034899 -0.999391 1.000000 0.000000 0.000000 62462.dat
1 0 -56.953560 -178.576900 -60.000340 0.000000 -0.990268 -0.139174 0.000000 -0.139174 0.990268 -1.000000 0.000000 0.000000 18651.dat
1 0 -56.953740 -178.576900 59.999640 0.000000 -0.990268 0.139174 0.000000 -0.139174 -0.990268 1.000000 0.000000 0.000000 18651.dat
1 19 -0.000200 -9.000040 49.999700 0.000000 -0.139174 -0.990268 0.000000 0.990268 -0.139174 1.000000 0.000000 0.000000 3749.dat
1 19 -0.000020 -9.000060 -50.000200 0.000000 -0.139174 0.990268 0.000000 0.990268 0.139174 -1.000000 0.000000 0.000000 3749.dat
1 0 22.267680 -167.443000 59.999720 -0.990268 0.000001 0.139174 -0.139174 0.000000 -0.990268 -0.000001 -1.000000 0.000000 32009.dat
1 0 22.267880 -167.443000 -60.000240 -0.990268 0.000001 0.139174 -0.139174 0.000000 -0.990268 -0.000001 -1.000000 0.000000 32009.dat
1 0 -54.170090 -198.382300 -80.000320 0.000001 0.139174 -0.990268 0.000000 -0.990268 -0.139174 -1.000000 0.000000 -0.000001 42003.dat
1 0 -54.170280 -198.382200 79.999650 0.000001 0.139174 -0.990268 0.000000 -0.990268 -0.139174 -1.000000 0.000000 -0.000001 42003.dat
1 0 -41.484120 -216.795800 79.999660 -0.990268 -0.139174 0.000001 -0.139174 0.990268 0.000000 -0.000001 0.000000 -1.000000 2780.dat
1 0 -41.483920 -216.795900 -80.000300 -0.990268 -0.139174 0.000001 -0.139174 0.990268 0.000000 -0.000001 0.000000 -1.000000 2780.dat
1 25 -31.581340 -215.404200 -0.000330 0.139174 0.990268 -0.000001 -0.990268 0.139174 0.000000 0.000000 0.000001 1.000000 40490.dat
0 NOFILE
0 FILE 65151c02.dat Copy
0 Technic, Shock Absorber 11L with Internal Spring, Dark Bluish Gray Shaft, and Black Tip
0 Name:  65151c02
0 Author:  
0 FlexibleBrick:  65151c02.dat
0 FlexibleBrickControlPointUnitLength -1
1 0 0.000000 55.000000 0.000000 1.000000 0.000000 0.000000 0.000000 1.000000 0.000000 0.000000 0.000000 1.000000 65141c01.dat
1 16 0.000020 -39.050000 -0.000020 1.000000 0.000000 0.000000 0.000000 1.000000 0.000000 0.000000 0.000000 1.000000 65143c01.dat
0 NOFILE
