0 Untitled Model
0 Name:  Dragon
0 Author:  
0 CustomBrick
0 FlexibleBrickControlPointUnitLength -1
0 NumOfBricks:  135
1 15 10.000090 -9.999849 110.002000 0.000000 -1.000000 0.000000 -1.000000 0.000000 0.000000 0.000000 0.000000 -1.000000 32525.dat
1 1 -9.999949 -9.999770 30.001780 -1.000000 0.000000 0.000000 0.000000 1.000000 0.000000 0.000000 0.000000 -1.000000 6558.dat
1 1 -9.999940 -9.999760 190.002000 -1.000000 0.000000 0.000000 0.000000 1.000000 0.000000 0.000000 0.000000 -1.000000 6558.dat
1 15 -9.999940 -9.999770 110.002000 0.000000 -1.000000 0.000000 -1.000000 0.000000 0.000000 0.000000 0.000000 -1.000000 32525.dat
1 15 -29.999940 -9.999770 110.002000 0.000000 -1.000000 0.000000 -1.000000 0.000000 0.000000 0.000000 0.000000 -1.000000 32525.dat
1 0 -39.999930 -9.999760 210.001900 1.000000 0.000000 0.000000 0.000000 1.000000 0.000000 0.000000 0.000000 1.000000 2780.dat
1 0 -39.999940 -9.999770 10.001800 1.000000 0.000000 0.000000 0.000000 1.000000 0.000000 0.000000 0.000000 1.000000 2780.dat
1 0 20.000080 -9.999770 10.001800 1.000000 0.000000 0.000000 0.000000 1.000000 0.000000 0.000000 0.000000 1.000000 2780.dat
1 0 20.000090 -9.999760 210.002000 1.000000 0.000000 0.000000 0.000000 1.000000 0.000000 0.000000 0.000000 1.000000 2780.dat
1 15 -49.999940 -9.999770 110.002000 0.000000 -1.000000 0.000000 -1.000000 0.000000 0.000000 0.000000 0.000000 -1.000000 32525.dat
1 15 30.000070 -9.999770 110.001900 0.000000 -1.000000 0.000000 -1.000000 0.000000 0.000000 0.000000 0.000000 -1.000000 32525.dat
1 71 -69.999950 -9.999760 190.002000 1.000000 0.000000 0.000000 0.000000 1.000000 0.000000 0.000000 0.000000 1.000000 87082.dat
1 71 -69.999960 -9.999770 30.001780 1.000000 0.000000 0.000000 0.000000 1.000000 0.000000 0.000000 0.000000 1.000000 87082.dat
1 71 50.000050 -9.999770 30.001780 1.000000 0.000000 0.000000 0.000000 1.000000 0.000000 0.000000 0.000000 1.000000 87082.dat
1 71 50.000060 -9.999760 190.002000 1.000000 0.000000 0.000000 0.000000 1.000000 0.000000 0.000000 0.000000 1.000000 87082.dat
1 15 -89.999940 -9.999770 110.002000 0.000000 -1.000000 0.000000 -1.000000 0.000000 0.000000 0.000000 0.000000 -1.000000 32525.dat
1 15 70.000060 -9.999770 110.002000 0.000000 -1.000000 0.000000 -1.000000 0.000000 0.000000 0.000000 0.000000 -1.000000 32525.dat
1 0 -99.999950 -9.999770 70.001900 1.000000 0.000000 0.000000 0.000000 1.000000 0.000000 0.000000 0.000000 1.000000 2780.dat
1 0 -99.999940 -9.999770 150.001900 1.000000 0.000000 0.000000 0.000000 1.000000 0.000000 0.000000 0.000000 1.000000 2780.dat
1 0 80.000060 -9.999770 150.001900 1.000000 0.000000 0.000000 0.000000 1.000000 0.000000 0.000000 0.000000 1.000000 2780.dat
1 0 80.000060 -9.999770 70.001900 1.000000 0.000000 0.000000 0.000000 1.000000 0.000000 0.000000 0.000000 1.000000 2780.dat
1 15 -110.000000 -9.999770 110.002000 0.000000 1.000000 0.000000 -1.000000 0.000000 0.000000 0.000000 0.000000 1.000000 32316.dat
1 15 90.000060 -9.999770 110.002000 0.000000 1.000000 0.000000 -1.000000 0.000000 0.000000 0.000000 0.000000 1.000000 32316.dat
1 71 -110.000000 -9.999770 10.001800 0.000000 1.000000 0.000000 -1.000000 0.000000 0.000000 0.000000 0.000000 1.000000 55615.dat
1 71 90.000060 -9.999780 10.001800 0.000000 0.000000 1.000000 -1.000000 0.000000 0.000000 0.000000 -1.000000 0.000000 55615.dat
1 1 50.000060 -29.999800 190.002000 0.000000 1.000000 0.000000 -1.000000 0.000000 0.000000 0.000000 0.000000 1.000000 6558.dat
1 1 50.000050 -29.999800 30.001780 0.000000 1.000000 0.000000 -1.000000 0.000000 0.000000 0.000000 0.000000 1.000000 6558.dat
1 1 -69.999960 -29.999800 30.001780 0.000000 1.000000 0.000000 -1.000000 0.000000 0.000000 0.000000 0.000000 1.000000 6558.dat
1 1 -69.999950 -29.999800 190.002000 0.000000 1.000000 0.000000 -1.000000 0.000000 0.000000 0.000000 0.000000 1.000000 6558.dat
1 0 -69.999950 -29.999800 190.002000 1.000000 0.000000 0.000000 0.000000 1.000000 0.000000 0.000000 0.000000 1.000000 18654.dat
1 0 -69.999960 -29.999800 30.001780 1.000000 0.000000 0.000000 0.000000 1.000000 0.000000 0.000000 0.000000 1.000000 18654.dat
1 0 50.000060 -29.999800 30.001780 1.000000 0.000000 0.000000 0.000000 1.000000 0.000000 0.000000 0.000000 1.000000 18654.dat
1 0 50.000060 -29.999800 190.002000 1.000000 0.000000 0.000000 0.000000 1.000000 0.000000 0.000000 0.000000 1.000000 18654.dat
1 14 -150.000000 -19.999800 10.001800 0.000000 1.000000 0.000000 -1.000000 0.000000 0.000000 0.000000 0.000000 1.000000 3673.dat
1 14 130.000100 -19.999810 10.001790 0.000000 1.000000 0.000000 -1.000000 0.000000 0.000000 0.000000 0.000000 1.000000 3673.dat
1 0 -9.999969 -109.999900 -10.000070 0.000000 0.000000 -1.000000 -1.000000 0.000000 0.000000 0.000000 1.000000 0.000000 39790.dat
1 0 50.000060 -49.999860 110.002000 1.000000 0.000000 0.000000 0.000000 1.000000 0.000000 0.000000 0.000000 1.000000 40490.dat
1 0 -69.999950 -49.999850 110.002000 1.000000 0.000000 0.000000 0.000000 1.000000 0.000000 0.000000 0.000000 1.000000 40490.dat
1 0 50.000060 -59.999860 110.002000 0.000000 1.000000 0.000000 -1.000000 0.000000 0.000000 0.000000 0.000000 1.000000 2780.dat
1 0 -69.999960 -59.999860 110.002000 0.000000 1.000000 0.000000 -1.000000 0.000000 0.000000 0.000000 0.000000 1.000000 2780.dat
1 15 -9.999820 -29.999800 -9.998179 0.000000 0.000000 1.000002 0.000000 1.000000 0.000000 -1.000000 0.000000 0.000000 71709.dat
1 0 -39.999830 -29.999800 -29.998100 1.000002 0.000000 0.000000 0.000000 1.000000 0.000000 0.000000 0.000000 1.000000 2780.dat
1 0 -39.999830 -29.999800 10.001760 1.000002 0.000000 0.000000 0.000000 1.000000 0.000000 0.000000 0.000000 1.000000 2780.dat
1 0 20.000260 -29.999810 10.001760 1.000002 0.000000 0.000000 0.000000 1.000000 0.000000 0.000000 0.000000 1.000000 2780.dat
1 0 20.000260 -29.999810 -29.998120 1.000002 0.000000 0.000000 0.000000 1.000000 0.000000 0.000000 0.000000 1.000000 2780.dat
1 14 -9.999820 -29.999800 60.001660 0.000000 0.000000 1.000002 0.000000 -1.000000 0.000000 1.000000 0.000000 0.000000 3673.dat
1 4 -9.999820 -29.999800 70.001840 0.000000 0.000000 1.000002 -1.000000 0.000000 0.000000 0.000000 -1.000000 0.000000 32523.dat
1 15 -29.999800 -29.999800 80.002000 0.000000 0.000000 -1.000002 0.000000 1.000000 0.000000 1.000000 0.000000 0.000000 4274.dat
1 15 -49.999920 -29.999810 70.001900 0.000000 1.000000 0.000000 -1.000000 0.000000 0.000000 0.000000 0.000000 1.000000 32525.dat
1 15 30.000260 -29.999810 70.001850 0.000000 1.000002 0.000000 -1.000000 0.000000 0.000000 0.000000 0.000000 1.000000 32525.dat
1 10 -9.999949 -69.999940 110.002000 0.000000 0.000000 -1.000000 0.000000 1.000000 0.000000 1.000000 0.000000 0.000000 32524.dat
1 19 -69.999950 -29.999800 170.001900 -1.000000 0.000000 0.000000 0.000000 1.000000 0.000000 0.000000 0.000000 -1.000000 32556.dat
1 19 50.000210 -29.999820 170.001900 1.000000 0.000000 0.000000 0.000000 1.000000 0.000000 0.000000 0.000000 1.000000 32556.dat
1 15 -69.999950 -29.999800 170.001900 0.000000 -1.000000 0.000000 1.000000 0.000000 0.000000 0.000000 0.000000 1.000000 18654.dat
1 15 50.000210 -29.999820 170.001900 0.000000 -1.000000 0.000000 1.000000 0.000000 0.000000 0.000000 0.000000 1.000000 18654.dat
1 15 -89.999950 -59.351000 197.177500 0.000000 1.000000 0.000000 -0.679389 0.000000 -0.733778 -0.733778 0.000000 0.679389 32316.dat
1 15 70.000220 -59.351000 197.177500 0.000000 1.000000 0.000000 -0.679389 0.000000 -0.733778 -0.733778 0.000000 0.679389 32316.dat
1 25 89.999480 -9.999820 210.002200 0.000000 1.000000 0.000000 -0.179389 0.000000 -0.983778 -0.983778 0.000000 0.179389 6629.dat
1 14 80.000000 -88.702170 224.353000 1.000006 0.000000 0.000000 0.000000 -0.179390 0.983778 0.000000 -0.983785 -0.179389 3673.dat
1 1 110.000300 -123.053400 214.352900 1.000006 0.000000 0.000000 0.000000 0.983779 0.179390 0.000000 -0.179389 0.983785 6558.dat
1 72 110.000200 -152.404500 187.177000 -1.000006 0.000000 0.000000 0.000000 0.733779 0.679389 0.000000 0.679396 -0.733781 11214.dat
1 19 80.000060 -9.999770 210.001900 1.000006 0.000000 0.000000 0.000000 0.179390 -0.983778 0.000000 0.983784 0.179389 3749.dat
1 25 110.000300 -137.877400 200.927300 0.000000 1.000006 0.000001 0.671278 0.000000 -0.741206 -0.741208 0.000000 -0.671285 32523.dat
1 25 130.000400 -137.580300 200.602900 0.000000 1.000006 0.000001 0.671278 0.000000 -0.741206 -0.741208 0.000000 -0.671285 32523.dat
1 25 -109.999900 -9.999770 210.001900 0.000000 1.000000 0.000000 -0.179389 0.000000 -0.983778 -0.983778 0.000000 0.179389 6629.dat
1 25 -130.000000 -137.640700 200.670600 0.000000 1.000005 0.000000 0.684112 0.000000 -0.729377 -0.729379 0.000000 -0.684118 32523.dat
1 1 -130.000000 -123.053400 214.352900 -1.000005 0.000000 0.000000 0.000000 0.179390 0.983778 0.000000 0.983783 -0.179389 6558.dat
1 19 -99.999940 -9.999780 210.001900 -1.000005 0.000000 0.000000 0.000000 0.179390 0.983778 0.000000 0.983783 -0.179389 3749.dat
1 14 -99.999940 -88.702220 224.353000 -1.000005 0.000000 0.000000 0.000000 -0.983778 0.179390 0.000000 0.179389 0.983783 3673.dat
1 72 -130.000000 -152.404400 187.177100 1.000005 0.000000 0.000000 0.000000 0.733779 -0.679389 0.000000 0.679394 0.733781 11214.dat
1 25 -150.000400 -137.816800 200.859600 0.000000 1.000005 0.000000 0.684112 0.000000 -0.729377 -0.729379 0.000000 -0.684118 32523.dat
1 2 9.818590 -49.999870 29.728520 0.798633 0.000000 0.601815 0.000000 -1.000000 0.000000 0.601814 0.000000 -0.798634 6629.dat
1 19 9.818880 -39.999870 29.728700 0.000000 0.798635 -0.601816 -1.000000 0.000000 0.000000 0.000000 0.601816 0.798635 3749.dat
1 19 130.000300 -39.999870 -49.998420 0.000000 0.002271 0.999998 -1.000000 0.000000 0.000000 0.000000 -0.999997 0.002272 3749.dat
1 2 73.948180 -49.999870 -70.344120 0.000000 0.309016 -0.951055 -1.000000 0.000000 0.000000 0.000000 0.951054 0.309015 3021.dat
1 0 76.420440 -29.999800 -62.735890 -0.951055 0.309016 0.000000 0.000000 0.000000 1.000000 0.309015 0.951054 0.000000 18677.dat
1 0 76.420390 -69.999950 -62.735830 -0.951055 0.309016 0.000000 0.000000 0.000000 1.000000 0.309015 0.951054 0.000000 18677.dat
1 15 80.986610 -29.999800 -81.042740 0.000000 0.309016 -0.951055 -1.000000 0.000000 0.000000 0.000000 0.951054 0.309015 15070.dat
1 15 80.986600 -49.999880 -81.042740 0.000000 0.309016 -0.951055 -1.000000 0.000000 0.000000 0.000000 0.951054 0.309015 15070.dat
1 15 80.986560 -69.999960 -81.042760 0.000000 0.309016 -0.951055 -1.000000 0.000000 0.000000 0.000000 0.951054 0.309015 15070.dat
1 2 73.948230 -39.999900 -70.344220 0.000000 0.309016 0.951055 1.000000 0.000000 0.000000 0.000000 0.951054 -0.309015 15068.dat
1 2 73.948260 -69.999960 -70.344240 0.000000 0.309016 0.951055 1.000000 0.000000 0.000000 0.000000 0.951054 -0.309015 11477.dat
1 71 69.999960 -49.999860 -50.135280 0.000000 0.798633 -0.601815 -1.000000 0.000000 0.000000 0.000000 0.601814 0.798633 77765.dat
1 2 -29.998590 -49.999940 30.001240 -0.799999 0.000000 -0.600005 0.000000 1.000000 0.000000 0.600001 0.000000 -0.800000 6629.dat
1 19 -29.999140 -39.999880 30.001030 0.000000 0.799999 0.600002 -1.000000 0.000000 0.000000 0.000000 -0.600002 0.799998 3749.dat
1 71 -89.999370 -49.999870 -49.998680 0.000000 0.600002 -0.799999 -1.000000 0.000000 0.000000 0.000000 0.799998 0.600001 77765.dat
1 2 -93.901760 -49.999840 -70.216140 0.000000 -0.311173 0.950354 1.000000 0.000000 0.000000 0.000000 0.950354 0.311171 3021.dat
1 0 -96.391140 -29.999840 -62.613740 0.950354 -0.311173 0.000000 0.000000 0.000000 -1.000000 0.311172 0.950354 0.000000 18677.dat
1 0 -96.391090 -69.999920 -62.613800 0.950354 -0.311173 0.000000 0.000000 0.000000 -1.000000 0.311171 0.950354 0.000000 18677.dat
1 19 -149.999400 -39.999860 -49.998200 0.000000 0.000002 -1.000000 -1.000000 0.000000 0.000000 0.000000 1.000000 0.000004 3749.dat
1 2 -93.901760 -29.999830 -70.216140 0.000000 -0.311173 -0.950354 -1.000000 0.000000 0.000000 0.000000 0.950354 -0.311171 11477.dat
1 15 -100.915900 -29.999820 -80.930980 0.000000 -0.311173 0.950354 1.000000 0.000000 0.000000 0.000000 0.950354 0.311171 15070.dat
1 2 -93.901790 -59.999840 -70.216360 0.000000 -0.311173 -0.950354 -1.000000 0.000000 0.000000 0.000000 0.950354 -0.311171 15068.dat
1 15 -100.916000 -69.999920 -80.930800 0.000000 -0.311173 0.950354 1.000000 0.000000 0.000000 0.000000 0.950354 0.311171 15070.dat
1 15 -100.915900 -49.999860 -80.930960 0.000000 -0.311173 0.950354 1.000000 0.000000 0.000000 0.000000 0.950354 0.311171 15070.dat
1 0 -29.999860 -47.999850 -49.998370 1.000000 0.000000 0.000000 0.000000 1.000000 0.000000 0.000000 0.000000 1.000000 2476a.dat
1 0 10.000250 -47.999860 -49.998370 1.000000 0.000000 0.000000 0.000000 1.000000 0.000000 0.000000 0.000000 1.000000 2476a.dat
1 15 -9.999860 -55.999860 -49.998370 1.000000 0.000000 0.000000 0.000000 1.000000 0.000000 0.000000 0.000001 1.000000 3020.dat
1 4 -9.999829 -63.999840 -69.998260 0.000000 0.000000 -1.000000 0.000000 1.000000 0.000000 1.000000 0.000001 0.000000 65509.dat
1 15 -9.999849 -55.999860 -89.998210 1.000000 0.000000 0.000000 0.000000 1.000000 0.000000 0.000000 0.000001 1.000000 51739.dat
1 15 -39.999880 -63.999840 -49.998420 0.000000 0.000000 -1.000000 0.000000 1.000000 0.000000 1.000000 0.000001 0.000000 3023b.dat
1 15 20.000170 -63.999840 -49.998420 0.000000 0.000000 -1.000000 0.000000 1.000000 0.000000 1.000000 0.000001 0.000000 3023b.dat
1 4 -9.999849 -71.999940 -89.998230 1.000000 0.000000 0.000000 0.000000 1.000000 0.000000 0.000000 0.000001 1.000000 15712.dat
1 57 -9.999849 -77.999910 -95.768260 -1.000000 0.000000 0.000000 0.000000 1.000000 0.000000 0.000000 0.000001 -1.000000 6126b.dat
1 10 -9.999579 -93.560260 -76.902640 -1.000004 0.000000 0.000000 0.000000 0.939693 -0.342022 0.000000 -0.342022 -0.939696 32803.dat
1 15 0.000640 -100.400700 -95.696540 1.000004 0.000000 0.000000 0.000000 0.939693 0.342022 0.000000 -0.342022 0.939696 15070.dat
1 15 -19.999590 -100.400700 -95.696540 1.000004 0.000000 0.000000 0.000000 0.939693 0.342022 0.000000 -0.342022 0.939696 15070.dat
1 4 0.000620 -94.237330 -55.371940 0.000000 0.000000 -1.000004 0.342022 0.939693 0.000000 0.939696 -0.342022 0.000000 3172.dat
1 4 -19.999590 -94.237330 -55.372040 0.000000 0.000000 -1.000004 0.342022 0.939693 0.000000 0.939696 -0.342022 0.000000 3172.dat
1 27 -9.999640 -122.953400 -87.487830 1.000004 0.000000 0.000000 0.000000 0.939693 0.342022 0.000000 -0.342023 0.939696 64225.dat
1 14 -29.999610 -77.999980 -39.998070 1.000004 0.000000 0.000000 0.000000 1.000000 0.000000 0.000000 0.000001 1.000004 3673.dat
1 14 10.000650 -77.999980 -39.998130 1.000004 0.000000 0.000000 0.000000 1.000000 0.000000 0.000000 0.000001 1.000004 3673.dat
1 27 0.000610 -98.334610 -43.238580 -1.000004 0.000000 0.000000 0.000000 0.939693 -0.342022 0.000000 -0.342022 -0.939696 92946.dat
1 27 -19.999610 -98.334610 -43.238580 -1.000004 0.000000 0.000000 0.000000 0.939693 -0.342022 0.000000 -0.342022 -0.939696 92946.dat
1 10 0.000640 -124.307500 -44.427220 0.000000 0.000000 -1.000004 0.342022 0.939693 0.000000 0.939696 -0.342022 0.000000 4070.dat
1 10 -19.999640 -124.307500 -44.427200 0.000000 0.000000 1.000004 -0.342022 0.939693 0.000000 -0.939696 -0.342022 0.000000 4070.dat
1 2 -9.999579 -120.210200 -56.560430 1.000004 0.000000 0.000000 0.000000 0.939693 0.342022 0.000000 -0.342022 0.939696 15068.dat
1 27 0.000620 -123.630400 -65.957120 0.000000 0.000000 -1.000004 0.342022 0.939693 0.000000 0.939696 -0.342022 0.000000 36840.dat
1 27 -19.999620 -123.630400 -65.957140 0.000000 0.000000 1.000004 -0.342022 0.939693 0.000000 -0.939696 -0.342022 0.000000 36840.dat
1 2 -20.499600 -114.910500 -47.847400 0.000000 1.000004 0.000000 -0.422616 0.000000 0.906310 0.906313 0.000000 0.422619 55236.dat
1 2 0.500620 -114.910500 -47.847450 0.000001 -1.000004 0.000001 -0.422617 -0.000001 -0.906309 0.906312 0.000001 -0.422620 55236.dat
1 378 -39.999880 -71.999920 -49.998420 0.000000 0.000000 -1.000000 0.000000 1.000000 0.000000 1.000000 0.000001 0.000000 11458.dat
1 378 20.000730 -71.999980 -49.998300 0.000001 0.000000 -1.000004 0.000000 1.000000 0.000000 1.000004 0.000001 0.000001 11458.dat
1 15 150.000100 -29.999810 10.001780 0.000000 -1.000000 0.000000 0.000000 0.000000 -1.000000 1.000000 0.000000 0.000000 6536.dat
1 15 150.000300 -29.999870 -49.998420 0.000000 -1.000000 0.000000 0.000000 0.000000 -1.000000 1.000000 0.000000 0.000000 6536.dat
1 15 150.000100 -30.002660 -18.798220 1.000000 0.000000 0.000000 0.000000 1.000000 0.000000 0.000000 0.000000 1.000000 59443.dat
1 15 150.000300 -29.999870 -39.998420 0.000000 0.000000 -1.000000 0.000000 1.000000 0.000000 1.000000 0.000000 0.000000 32062.dat
1 15 150.000100 -29.999810 1.201780 0.000000 0.000000 -1.000000 0.000000 1.000000 0.000000 1.000000 0.000000 0.000000 32062.dat
1 15 -170.000000 -29.999800 10.001810 0.000000 1.000000 0.000000 0.000000 0.000000 -1.000000 -1.000000 0.000000 0.000000 6536.dat
1 15 -169.999400 -29.999860 -49.998200 0.000000 1.000000 0.000000 0.000000 0.000000 -1.000000 -1.000000 0.000000 0.000000 6536.dat
1 15 -170.000000 -29.999800 0.001810 0.000000 0.000000 -1.000000 0.000000 1.000000 0.000000 1.000000 0.000000 0.000000 32062.dat
1 15 -169.999400 -29.999860 -39.998200 0.000000 0.000000 -1.000000 0.000000 1.000000 0.000000 1.000000 0.000000 0.000000 32062.dat
1 15 -170.000000 -30.002650 -19.998190 1.000000 0.000000 0.000000 0.000000 1.000000 0.000000 0.000000 0.000000 1.000000 59443.dat
1 15 22.000660 -125.509800 -65.273080 0.000000 -1.000000 0.000000 0.342022 0.000000 -0.939692 0.939692 0.000000 0.342022 98138.dat
1 15 -41.999660 -125.509800 -65.273100 0.000000 1.000000 0.000000 -0.342022 0.000000 -0.939692 -0.939692 0.000000 0.342022 98138.dat
