0 Untitled Model
0 Name:  ImmersiveExperience
0 Author:  
0 CustomBrick
0 FlexibleBrickControlPointUnitLength -1
0 NumOfBricks:  203
1 15 0.000000 -9.000010 120.000000 0.000000 0.000000 -1.000000 -1.000000 0.000000 0.000000 0.000000 1.000000 0.000000 32525.dat
1 71 100.000000 -9.000020 100.000000 0.000000 0.000000 -1.000000 -1.000000 0.000000 0.000000 0.000000 1.000000 0.000000 55615.dat
1 71 -100.000000 -9.000010 100.000000 0.000000 -1.000000 0.000000 -1.000000 0.000000 0.000000 0.000000 0.000000 -1.000000 55615.dat
1 15 -120.000000 -9.000010 0.000000 0.000000 -1.000000 0.000000 -1.000000 0.000000 0.000000 0.000000 0.000000 -1.000000 32525.dat
1 15 120.000000 -9.000010 0.000000 0.000000 -1.000000 0.000000 -1.000000 0.000000 0.000000 0.000000 0.000000 -1.000000 32525.dat
1 0 -60.000020 -19.000000 99.999980 0.000000 -1.000000 0.000000 -1.000000 0.000000 0.000000 0.000000 0.000000 -1.000000 2780.dat
1 0 60.000010 -19.000020 100.000000 0.000000 -1.000000 0.000000 -1.000000 0.000000 0.000000 0.000000 0.000000 -1.000000 2780.dat
1 15 0.000010 -49.000020 100.000000 1.000000 0.000000 0.000000 0.000000 0.000000 1.000000 0.000000 -1.000000 0.000000 15458.dat
1 71 -99.999970 -9.000000 -100.000000 0.000000 0.000000 1.000000 -1.000000 0.000000 0.000000 0.000000 -1.000000 0.000000 55615.dat
1 71 100.000000 -8.999990 -100.000000 0.000000 1.000000 0.000000 -1.000000 0.000000 0.000000 0.000000 0.000000 1.000000 55615.dat
1 15 0.000040 -8.999980 -120.000000 0.000000 0.000000 -1.000000 -1.000000 0.000000 0.000000 0.000000 1.000000 0.000000 32525.dat
1 1 -100.000000 -19.000010 60.000000 0.000000 1.000000 0.000000 -1.000000 0.000000 0.000000 0.000000 0.000000 1.000000 43093.dat
1 1 -99.999970 -18.999990 -60.000020 0.000000 1.000000 0.000000 -1.000000 0.000000 0.000000 0.000000 0.000000 1.000000 43093.dat
1 1 -59.999960 -19.000010 -100.000000 0.000000 1.000000 0.000000 -1.000000 0.000000 0.000000 0.000000 0.000000 1.000000 43093.dat
1 1 60.000040 -18.999970 -99.999980 0.000000 1.000000 0.000000 -1.000000 0.000000 0.000000 0.000000 0.000000 1.000000 43093.dat
1 1 100.000000 -18.999990 -60.000000 0.000000 1.000000 0.000000 -1.000000 0.000000 0.000000 0.000000 0.000000 1.000000 43093.dat
1 1 100.000000 -19.000010 60.000020 0.000000 1.000000 0.000000 -1.000000 0.000000 0.000000 0.000000 0.000000 1.000000 43093.dat
1 15 -100.000000 -49.000020 60.000000 1.000000 0.000000 0.000000 0.000000 0.000000 -1.000000 0.000000 1.000000 0.000000 18948.dat
1 15 -99.999970 -48.999980 -60.000010 1.000000 0.000000 0.000000 0.000000 0.000000 -1.000000 0.000000 1.000000 0.000000 18948.dat
1 15 -59.999970 -49.000000 -100.000000 1.000000 0.000000 0.000000 0.000000 0.000000 -1.000000 0.000000 1.000000 0.000000 18948.dat
1 15 60.000040 -48.999980 -99.999980 1.000000 0.000000 0.000000 0.000000 0.000000 -1.000000 0.000000 1.000000 0.000000 18948.dat
1 15 100.000000 -48.999980 -60.000000 1.000000 0.000000 0.000000 0.000000 0.000000 -1.000000 0.000000 1.000000 0.000000 18948.dat
1 15 100.000000 -49.000020 60.000030 1.000000 0.000000 0.000000 0.000000 0.000000 -1.000000 0.000000 1.000000 0.000000 18948.dat
1 0 100.000000 -89.000030 60.000040 0.000000 0.000000 1.000000 0.000000 -1.000000 0.000000 1.000000 0.000000 0.000000 10197.dat
1 0 -100.000000 -89.000020 60.000020 0.000000 0.000000 -1.000000 0.000000 -1.000000 0.000000 -1.000000 0.000000 0.000000 10197.dat
1 71 -60.000020 -89.000010 60.000020 0.000000 1.000000 0.000000 1.000000 0.000000 0.000000 0.000000 0.000000 -1.000000 32014.dat
1 71 60.000000 -89.000030 60.000040 0.000000 0.000000 -1.000000 1.000000 0.000000 0.000000 0.000000 -1.000000 0.000000 32014.dat
1 15 60.000000 -89.000030 100.000000 0.000000 0.000000 1.000000 0.000000 1.000000 0.000000 -1.000000 0.000000 0.000000 22961.dat
1 15 -60.000020 -89.000010 100.000000 0.000000 0.000000 1.000000 0.000000 1.000000 0.000000 -1.000000 0.000000 0.000000 22961.dat
1 0 -60.000020 -89.000010 100.000000 0.000000 0.000000 1.000000 1.000000 0.000000 0.000000 0.000000 1.000000 0.000000 32054.dat
1 0 60.000000 -89.000030 100.000000 0.000000 0.000000 1.000000 1.000000 0.000000 0.000000 0.000000 1.000000 0.000000 32054.dat
1 0 -99.999970 -88.999980 -59.999990 0.000000 0.000000 -1.000000 0.000000 -1.000000 0.000000 -1.000000 0.000000 0.000000 10197.dat
1 0 100.000000 -88.999980 -59.999980 0.000000 0.000000 1.000000 0.000000 -1.000000 0.000000 1.000000 0.000000 0.000000 10197.dat
1 0 60.000040 -88.999970 -99.999980 1.000000 0.000000 0.000000 0.000000 -1.000000 0.000000 0.000000 0.000000 -1.000000 10197.dat
1 0 -59.999980 -89.000000 -100.000000 1.000000 0.000000 0.000000 0.000000 -1.000000 0.000000 0.000000 0.000000 -1.000000 10197.dat
1 71 -59.999980 -89.000000 -60.000020 0.000000 0.000000 1.000000 1.000000 0.000000 0.000000 0.000000 1.000000 0.000000 32014.dat
1 71 60.000040 -88.999970 -59.999980 0.000000 -1.000000 0.000000 1.000000 0.000000 0.000000 0.000000 0.000000 1.000000 32014.dat
1 71 100.000100 -89.000010 -39.999980 0.000000 0.000000 1.000000 0.000000 1.000000 0.000000 -1.000000 0.000000 0.000000 77765.dat
1 71 -99.999940 -88.999970 -39.999980 0.000000 0.000000 1.000000 0.000000 1.000000 0.000000 -1.000000 0.000000 0.000000 77765.dat
1 71 -100.000100 -89.000040 40.000020 0.000000 0.000000 -1.000000 0.000000 1.000000 0.000000 1.000000 0.000000 0.000000 77765.dat
1 71 99.999980 -89.000010 40.000040 0.000000 0.000000 -1.000000 0.000000 1.000000 0.000000 1.000000 0.000000 0.000000 77765.dat
1 71 -43.618200 -109.521100 0.000050 0.000000 0.342021 -0.939692 0.000000 0.939692 0.342022 1.000001 0.000000 0.000000 77765.dat
1 26 -81.205960 -95.840210 20.000130 0.342021 0.000000 0.939692 0.939692 0.000000 -0.342021 0.000000 1.000001 0.000000 32316.dat
1 26 -81.327720 -96.167200 -19.999650 0.358367 0.000000 0.933579 0.933579 0.000000 -0.358367 0.000000 1.000001 0.000000 32316.dat
1 72 -118.793500 -82.159390 20.000160 -0.000001 0.342021 0.939692 0.000000 0.939692 -0.342021 -1.000001 0.000000 -0.000001 11214.dat
1 0 -118.793500 -82.159400 -19.999930 -0.000001 -0.342021 -0.939692 0.000000 -0.939692 0.342022 -1.000001 0.000000 0.000001 32054.dat
1 0 -102.556400 -66.785690 -39.999980 -0.939692 -0.342021 0.000000 0.342021 -0.939692 0.000000 0.000000 0.000000 1.000000 32557.dat
1 0 -102.556300 -66.785780 40.000230 -0.939692 -0.342021 0.000000 0.342021 -0.939692 0.000000 0.000000 0.000000 1.000001 32557.dat
1 1 -114.509500 -41.151580 40.000220 0.939692 -0.342021 -0.000001 -0.342021 -0.939693 0.000000 -0.000001 0.000000 -1.000001 6558.dat
1 1 -114.509400 -41.151640 -39.999870 0.939692 -0.342021 -0.000001 -0.342021 -0.939692 0.000000 -0.000001 0.000000 -1.000001 6558.dat
1 26 -114.509400 -41.151640 0.000170 0.342021 -0.939692 0.000000 0.939692 0.342021 0.000000 0.000000 0.000001 1.000001 32316.dat
1 31 -186.445000 -34.124340 -0.000220 -0.000001 0.342021 0.939692 0.000000 0.939692 -0.342021 -1.000001 0.000000 0.000000 3033.dat
1 85 -142.195800 -58.743200 90.000190 -0.000001 0.342021 0.939692 0.000000 0.939692 -0.342021 -1.000001 0.000000 0.000000 6141.dat
1 85 -142.195800 -58.743180 70.000320 -0.000001 0.342021 0.939692 0.000000 0.939692 -0.342021 -1.000001 0.000000 0.000000 6141.dat
1 85 -142.195800 -58.743180 50.000280 -0.000001 0.342021 0.939692 0.000000 0.939692 -0.342021 -1.000001 0.000000 0.000000 6141.dat
1 85 -142.195900 -58.743200 30.000100 -0.000001 0.342021 0.939692 0.000000 0.939692 -0.342021 -1.000001 0.000000 0.000000 6141.dat
1 85 -142.195900 -58.743180 10.000160 -0.000001 0.342021 0.939692 0.000000 0.939692 -0.342021 -1.000001 0.000000 0.000000 6141.dat
1 85 -142.195900 -58.743180 -9.999909 -0.000001 0.342021 0.939692 0.000000 0.939692 -0.342021 -1.000001 0.000000 0.000000 6141.dat
1 85 -142.195900 -58.743210 -29.999780 -0.000001 0.342021 0.939692 0.000000 0.939692 -0.342021 -1.000001 0.000000 0.000000 6141.dat
1 85 -142.195900 -58.743200 -49.999790 -0.000001 0.342021 0.939692 0.000000 0.939692 -0.342021 -1.000001 0.000000 0.000000 6141.dat
1 85 -142.195900 -58.743210 -69.999880 -0.000001 0.342021 0.939692 0.000000 0.939692 -0.342021 -1.000001 0.000000 0.000000 6141.dat
1 85 -142.195900 -58.743200 -89.999920 -0.000001 0.342021 0.939692 0.000000 0.939692 -0.342021 -1.000001 0.000000 0.000000 6141.dat
1 15 -160.989700 -51.902760 90.000190 -0.000001 0.342021 0.939692 0.000000 0.939692 -0.342021 -1.000001 0.000000 0.000000 24246.dat
1 15 -160.989700 -51.902740 70.000300 -0.000001 0.342021 0.939692 0.000000 0.939692 -0.342021 -1.000001 0.000000 0.000000 25269.dat
1 15 -160.989700 -51.902730 50.000240 -0.000001 0.342021 0.939692 0.000000 0.939692 -0.342021 -1.000001 0.000000 0.000000 25269.dat
1 15 -179.783800 -45.062250 70.000320 -0.000001 0.342021 0.939692 0.000000 0.939692 -0.342021 -1.000001 0.000000 0.000000 25269.dat
1 15 -146.120400 -40.287860 -39.999800 0.939692 0.342021 0.000001 -0.342021 0.939692 0.000000 0.000000 0.000000 1.000001 10247.dat
1 15 -198.577400 -38.221900 90.000210 -0.939692 0.342021 0.000000 0.342021 0.939692 0.000000 0.000000 0.000000 -1.000001 25269.dat
1 15 -179.783800 -45.062280 90.000190 -0.000001 0.342021 0.939692 0.000000 0.939692 -0.342021 -1.000001 0.000000 0.000000 25269.dat
1 15 -146.120400 -40.287860 40.000240 0.939692 0.342021 0.000001 -0.342021 0.939692 0.000000 -0.000001 0.000000 1.000001 10247.dat
1 15 -174.311400 -30.027150 -39.999840 -0.000001 0.342021 0.939692 0.000000 0.939692 -0.342021 -1.000001 0.000000 0.000000 32803.dat
1 15 -160.989800 -51.902760 -89.999930 -0.939692 0.342021 0.000000 0.342021 0.939692 0.000000 0.000000 0.000000 -1.000001 25269.dat
1 15 -174.311400 -30.027140 40.000240 -0.000001 0.342021 0.939692 0.000000 0.939692 -0.342021 -1.000001 0.000000 0.000000 32803.dat
1 30 -217.371300 -31.381470 30.000180 0.000001 0.342021 -0.939692 0.000000 0.939692 0.342021 1.000001 0.000000 0.000001 25269.dat
1 30 -217.371300 -31.381400 10.000190 -0.000001 0.342021 0.939692 0.000000 0.939692 -0.342021 -1.000001 0.000000 -0.000001 25269.dat
1 15 -179.783900 -45.062260 -29.999780 -0.939692 0.342021 0.000000 0.342021 0.939692 0.000000 0.000000 0.000000 -1.000001 25269.dat
1 30 -160.989800 -51.902770 -29.999800 -0.000001 0.342021 0.939692 0.000000 0.939692 -0.342021 -1.000001 0.000000 0.000000 3070b.dat
1 30 -160.989800 -51.902720 -49.999850 0.939692 0.342021 0.000001 -0.342021 0.939692 0.000000 -0.000001 0.000000 1.000001 25269.dat
1 30 -160.989800 -51.902730 -9.999900 0.000001 0.342021 -0.939692 0.000000 0.939692 0.342021 1.000001 0.000000 0.000001 25269.dat
1 71 43.985290 -110.502100 0.000090 0.000000 -0.358368 0.933580 0.000000 0.933581 0.358369 -1.000000 0.000000 0.000000 77765.dat
1 26 81.328540 -96.167320 -19.999950 -0.358368 0.000000 -0.933581 0.933581 0.000000 -0.358368 0.000000 -1.000000 0.000001 32316.dat
1 26 81.456040 -96.492120 19.999830 -0.374604 -0.000001 -0.927183 0.927183 0.000000 -0.374604 0.000000 -1.000000 0.000001 32316.dat
1 72 118.671600 -81.832640 -19.999980 0.000001 -0.358368 -0.933580 0.000000 0.933580 -0.358368 1.000000 0.000000 0.000001 11214.dat
1 0 118.671600 -81.832630 20.000100 0.000001 0.358368 0.933580 0.000000 -0.933580 0.358368 1.000000 0.000000 -0.000001 32054.dat
1 0 102.168700 -66.744630 40.000120 0.933580 0.358368 -0.000001 0.358368 -0.933580 0.000000 -0.000001 0.000000 -0.999999 32557.dat
1 0 102.168500 -66.744760 -39.999980 0.933580 0.358368 -0.000001 0.358368 -0.933580 0.000000 -0.000001 0.000000 -1.000000 32557.dat
1 1 113.672500 -40.905890 -40.000040 -0.933581 0.358368 0.000001 -0.358368 -0.933581 0.000000 0.000001 0.000000 1.000000 6558.dat
1 1 113.672500 -40.905940 39.999960 -0.933581 0.358368 0.000001 -0.358368 -0.933580 0.000000 0.000001 0.000000 1.000000 6558.dat
1 26 113.672500 -40.905950 -0.000030 -0.358368 0.933581 -0.000001 0.933580 0.358368 0.000000 0.000000 -0.000001 -1.000000 32316.dat
1 31 185.474400 -32.624310 0.000350 0.000001 -0.358368 -0.933580 0.000000 0.933580 -0.358368 1.000000 0.000000 0.000001 3033.dat
1 85 141.661700 -58.011600 -89.999940 0.000001 -0.358368 -0.933580 0.000000 0.933580 -0.358368 1.000000 0.000000 0.000001 6141.dat
1 85 141.661700 -58.011570 -70.000110 0.000001 -0.358368 -0.933580 0.000000 0.933580 -0.358368 1.000000 0.000000 0.000001 6141.dat
1 85 141.661700 -58.011600 -50.000100 0.000001 -0.358368 -0.933580 0.000000 0.933580 -0.358368 1.000000 0.000000 0.000001 6141.dat
1 85 141.661700 -58.011580 -29.999970 0.000001 -0.358368 -0.933580 0.000000 0.933580 -0.358368 1.000000 0.000000 0.000001 6141.dat
1 85 141.661700 -58.011600 -10.000020 0.000001 -0.358368 -0.933580 0.000000 0.933580 -0.358368 1.000000 0.000000 0.000001 6141.dat
1 85 141.661800 -58.011590 10.000040 0.000001 -0.358368 -0.933580 0.000000 0.933580 -0.358368 1.000000 0.000000 0.000001 6141.dat
1 85 141.661800 -58.011630 29.999910 0.000001 -0.358368 -0.933580 0.000000 0.933580 -0.358368 1.000000 0.000000 0.000001 6141.dat
1 85 141.661800 -58.011620 49.999820 0.000001 -0.358368 -0.933580 0.000000 0.933580 -0.358368 1.000000 0.000000 0.000001 6141.dat
1 85 141.661800 -58.011620 69.999960 0.000001 -0.358368 -0.933580 0.000000 0.933580 -0.358368 1.000000 0.000000 0.000001 6141.dat
1 85 141.661800 -58.011600 89.999950 0.000001 -0.358368 -0.933580 0.000000 0.933580 -0.358368 1.000000 0.000000 0.000001 6141.dat
1 15 160.333900 -50.843990 -69.999630 0.000001 -0.358367 -0.933581 0.000000 0.933581 -0.358368 1.000000 0.000000 0.000001 24246.dat
1 15 160.334000 -50.844000 70.000300 0.000001 -0.358367 -0.933581 0.000000 0.933581 -0.358368 1.000000 0.000000 0.000001 25269.dat
1 15 160.334000 -50.844010 90.000340 0.000001 -0.358367 -0.933581 0.000000 0.933581 -0.358368 1.000000 0.000000 0.000001 25269.dat
1 15 179.005600 -43.676640 70.000320 0.000001 -0.358368 -0.933580 0.000000 0.933580 -0.358369 1.000000 0.000000 0.000001 25269.dat
1 15 145.263600 -39.490640 39.999860 -0.933580 -0.358368 -0.000001 -0.358368 0.933580 0.000000 0.000000 0.000000 -1.000000 10247.dat
1 15 160.333900 -50.843980 -49.999620 0.000001 -0.358367 -0.933581 0.000000 0.933581 -0.358368 1.000000 0.000000 0.000001 25269.dat
1 15 145.263700 -39.490620 -40.000110 -0.933580 -0.358368 -0.000001 -0.358368 0.933580 0.000000 0.000001 0.000000 -1.000000 10247.dat
1 15 173.271300 -28.739530 39.999960 0.000001 -0.358368 -0.933580 0.000000 0.933580 -0.358368 1.000000 0.000000 0.000001 32803.dat
1 15 160.334000 -50.844000 50.000290 0.933581 -0.358368 0.000000 0.358369 0.933580 0.000000 0.000000 0.000000 1.000000 25269.dat
1 15 173.271200 -28.739540 -40.000080 0.000001 -0.358368 -0.933580 0.000000 0.933580 -0.358368 1.000000 0.000000 0.000001 32803.dat
1 30 216.348700 -29.341900 -49.999700 -0.000001 -0.358367 0.933581 0.000000 0.933581 0.358368 -1.000000 0.000000 -0.000001 25269.dat
1 30 216.348800 -29.341900 -29.999680 0.000001 -0.358367 -0.933581 0.000000 0.933581 -0.358368 1.000000 0.000000 0.000001 25269.dat
1 15 179.005600 -43.676640 10.000310 0.000000 -0.358368 -0.933580 0.000000 0.933580 -0.358369 1.000000 0.000000 0.000000 25269.dat
1 30 160.334000 -50.843980 10.000340 0.000001 -0.358367 -0.933581 0.000000 0.933581 -0.358368 1.000000 0.000000 0.000001 3070b.dat
1 30 160.334000 -50.844000 30.000370 -0.933580 -0.358368 -0.000001 -0.358369 0.933580 0.000000 0.000001 0.000000 -1.000000 25269.dat
1 30 160.334000 -50.844020 -9.999700 -0.000001 -0.358367 0.933581 0.000000 0.933581 0.358368 -1.000000 0.000000 -0.000001 25269.dat
1 71 -0.000360 -109.520900 -43.618720 -1.000001 0.000000 0.000000 0.000000 0.939691 0.342024 0.000000 0.342022 -0.939691 77765.dat
1 26 -20.000420 -95.840000 -81.206330 0.000000 -1.000001 0.000000 0.939691 0.000000 -0.342022 0.342023 0.000000 0.939691 32316.dat
1 26 19.999340 -96.166980 -81.328040 0.000000 -1.000001 0.000000 0.933578 0.000000 -0.358367 0.358367 0.000000 0.933578 32316.dat
1 72 -20.000480 -82.159180 -118.793800 1.000001 0.000000 0.000000 0.000000 0.939691 -0.342022 0.000000 0.342022 0.939691 11214.dat
1 0 19.999780 -82.159160 -118.793700 1.000001 0.000000 0.000000 0.000000 -0.939691 0.342022 0.000000 -0.342022 -0.939691 32054.dat
1 0 40.000030 -66.785740 -102.556500 0.000000 0.000000 -1.000000 0.342023 -0.939692 0.000000 -0.939692 -0.342023 0.000000 32557.dat
1 0 -40.000500 -66.785560 -102.556500 0.000000 0.000000 -1.000001 0.342022 -0.939691 0.000000 -0.939691 -0.342022 0.000000 32557.dat
1 1 -40.000500 -41.151290 -114.509600 0.000000 0.000000 1.000001 -0.342022 -0.939691 0.000000 0.939691 -0.342023 0.000000 6558.dat
1 1 39.999600 -41.151340 -114.509600 0.000000 0.000000 1.000001 -0.342022 -0.939691 0.000000 0.939691 -0.342022 0.000000 6558.dat
1 26 -0.000540 -41.151350 -114.509500 0.000000 0.000000 -1.000001 0.939691 0.342022 0.000000 0.342022 -0.939691 0.000000 32316.dat
1 31 -0.000160 -34.124030 -186.445100 1.000001 0.000000 0.000000 0.000000 0.939691 -0.342022 0.000000 0.342022 0.939691 3033.dat
1 85 -90.000600 -58.742900 -142.196100 1.000001 0.000000 0.000000 0.000000 0.939691 -0.342022 0.000000 0.342022 0.939691 6141.dat
1 85 -70.000700 -58.742920 -142.196000 1.000001 0.000000 0.000000 0.000000 0.939691 -0.342022 0.000000 0.342022 0.939691 6141.dat
1 85 -50.000620 -58.742900 -142.196000 1.000001 0.000000 0.000000 0.000000 0.939691 -0.342022 0.000000 0.342022 0.939691 6141.dat
1 85 -30.000400 -58.742920 -142.196100 1.000001 0.000000 0.000000 0.000000 0.939691 -0.342022 0.000000 0.342022 0.939691 6141.dat
1 85 -10.000530 -58.742920 -142.196000 1.000001 0.000000 0.000000 0.000000 0.939691 -0.342022 0.000000 0.342022 0.939691 6141.dat
1 85 9.999700 -58.742920 -142.196000 1.000001 0.000000 0.000000 0.000000 0.939691 -0.342022 0.000000 0.342022 0.939691 6141.dat
1 85 29.999550 -58.742960 -142.196100 1.000001 0.000000 0.000000 0.000000 0.939691 -0.342022 0.000000 0.342022 0.939691 6141.dat
1 85 49.999400 -58.742960 -142.196000 1.000001 0.000000 0.000000 0.000000 0.939691 -0.342022 0.000000 0.342022 0.939691 6141.dat
1 85 69.999630 -58.742960 -142.196000 1.000001 0.000000 0.000000 0.000000 0.939691 -0.342022 0.000000 0.342022 0.939691 6141.dat
1 85 89.999580 -58.742920 -142.196000 1.000001 0.000000 0.000000 0.000000 0.939691 -0.342022 0.000000 0.342022 0.939691 6141.dat
1 15 -70.000200 -45.061800 -179.784300 1.000001 0.000000 0.000000 0.000000 0.939692 -0.342022 0.000000 0.342021 0.939691 24246.dat
1 15 -30.000140 -51.902290 -160.990500 1.000001 0.000000 0.000000 0.000000 0.939692 -0.342022 0.000000 0.342021 0.939691 25269.dat
1 15 -10.000160 -51.902260 -160.990400 1.000001 0.000000 0.000000 0.000000 0.939692 -0.342022 0.000000 0.342021 0.939691 25269.dat
1 15 -50.000260 -45.061780 -179.784400 1.000002 0.000000 0.000000 0.000000 0.939691 -0.342023 0.000000 0.342022 0.939691 25269.dat
1 15 39.999480 -40.287590 -146.120500 0.000000 0.000000 -1.000001 -0.342022 0.939691 0.000000 0.939691 0.342022 0.000000 10247.dat
1 15 -70.000210 -51.902260 -160.990400 1.000001 0.000000 0.000000 0.000000 0.939692 -0.342022 0.000000 0.342021 0.939691 25269.dat
1 15 -40.000580 -40.287560 -146.120500 0.000000 0.000000 -1.000002 -0.342022 0.939691 0.000000 0.939691 0.342022 0.000000 10247.dat
1 15 39.999610 -30.026800 -174.311600 1.000001 0.000000 0.000000 0.000000 0.939691 -0.342022 0.000000 0.342022 0.939691 32803.dat
1 15 -50.000260 -51.902260 -160.990500 0.000000 0.000000 1.000001 0.342024 0.939691 0.000000 -0.939691 0.342023 0.000000 25269.dat
1 15 -40.000570 -30.026800 -174.311600 1.000001 0.000000 0.000000 0.000000 0.939691 -0.342022 0.000000 0.342022 0.939691 32803.dat
1 30 -10.000040 -31.380910 -217.371900 -1.000001 0.000000 0.000000 0.000000 0.939692 0.342022 0.000000 0.342021 -0.939691 25269.dat
1 30 9.999940 -31.380900 -217.372000 1.000001 0.000000 0.000000 0.000000 0.939692 -0.342022 0.000000 0.342021 0.939691 25269.dat
1 15 49.999980 -45.061780 -179.784400 1.000001 0.000000 0.000000 0.000000 0.939691 -0.342024 0.000000 0.342022 0.939691 25269.dat
1 30 49.999910 -51.902260 -160.990500 1.000001 0.000000 0.000000 0.000000 0.939692 -0.342022 0.000000 0.342021 0.939691 3070b.dat
1 30 69.999980 -51.902240 -160.990500 0.000000 0.000000 -1.000001 -0.342024 0.939691 0.000000 0.939691 0.342023 0.000000 25269.dat
1 30 30.000040 -51.902240 -160.990500 -1.000001 0.000000 0.000000 0.000000 0.939692 0.342022 0.000000 0.342021 -0.939691 25269.dat
1 71 40.000040 -88.999950 -99.999980 1.000000 0.000000 0.000000 0.000000 1.000000 0.000000 0.000000 0.000000 1.000000 77765.dat
1 71 -39.999980 -89.000030 -100.000000 -1.000000 0.000000 0.000000 0.000000 1.000000 0.000000 0.000000 0.000000 -1.000000 77765.dat
1 15 -50.000260 -38.221390 -198.578100 1.000001 0.000000 0.000000 0.000000 0.939692 -0.342022 0.000000 0.342021 0.939691 24246.dat
1 15 -30.000210 -45.061790 -179.784400 1.000001 0.000000 0.000000 0.000000 0.939692 -0.342022 0.000000 0.342021 0.939691 24246.dat
1 25 0.000090 -192.867900 40.000160 -0.000001 1.000000 0.000000 -0.999998 -0.000001 0.000000 0.000000 0.000000 1.000000 6629.dat
1 14 0.000120 -192.867900 40.000160 1.000000 0.000001 0.000000 -0.000001 0.999999 0.000000 0.000000 0.000000 1.000000 4519.dat
1 71 -39.999910 -192.867900 40.000160 0.000001 -1.000000 0.000000 0.999999 0.000001 0.000000 0.000000 0.000000 1.000000 32014.dat
1 71 40.000060 -192.867900 40.000150 0.000001 0.000000 1.000000 0.999999 0.000000 -0.000001 0.000000 1.000000 0.000000 32014.dat
1 14 -39.999910 -192.867800 0.000210 0.000000 0.000001 -1.000000 0.000000 0.999999 0.000001 1.000000 0.000000 0.000000 4519.dat
1 14 40.000060 -192.867900 0.000150 0.000000 0.000001 -1.000000 0.000000 0.999999 0.000001 1.000000 0.000000 0.000000 4519.dat
1 0 63.131040 -116.284900 0.000100 -0.957288 0.000000 -0.289137 0.289137 0.000000 -0.957288 0.000000 -1.000000 0.000000 80286.dat
1 0 -63.130770 -116.285000 -1.199740 0.957287 0.000000 0.289136 0.289137 0.000000 -0.957286 0.000000 1.000000 0.000000 80286.dat
1 71 -39.999940 -192.867800 -39.999780 0.000001 0.000000 -1.000000 0.999999 0.000000 0.000001 0.000000 -1.000000 0.000000 32014.dat
1 14 0.000080 -192.867900 -39.999780 -1.000000 0.000001 0.000000 0.000001 0.999999 0.000001 0.000000 0.000001 -1.000000 4519.dat
1 0 0.000120 -116.284800 -63.130560 0.000000 -1.000000 0.000000 0.289134 0.000000 -0.957288 0.957287 0.000000 0.289135 80286.dat
1 71 40.000060 -192.867900 -39.999840 0.000001 1.000000 0.000000 0.999998 -0.000001 0.000000 0.000000 0.000000 -1.000000 32014.dat
1 0 -39.999920 -202.867800 -39.999780 -0.000001 -1.000000 0.000000 -0.999999 0.000000 0.000000 0.000000 0.000000 -1.000000 2780.dat
1 0 40.000050 -202.867900 -39.999840 -0.000001 -1.000000 0.000000 -0.999999 0.000000 0.000000 0.000000 0.000000 -1.000000 2780.dat
1 0 -39.999900 -202.867900 40.000160 -0.000001 -1.000000 0.000000 -0.999999 0.000000 0.000000 0.000000 0.000000 -1.000000 2780.dat
1 0 40.000060 -202.867900 40.000160 -0.000001 -1.000000 0.000000 -0.999999 0.000000 0.000000 0.000000 0.000000 -1.000000 2780.dat
1 71 -39.999920 -212.867800 40.000160 0.000000 1.000000 0.000000 -1.000000 0.000000 0.000000 0.000000 0.000000 1.000000 55615.dat
1 71 -39.999940 -212.867800 -39.999780 0.000000 0.000000 -1.000000 -1.000000 0.000000 0.000000 0.000000 1.000000 0.000000 55615.dat
1 71 40.000040 -212.867900 -39.999840 0.000000 -1.000000 0.000000 -1.000000 0.000000 0.000000 0.000000 0.000000 -1.000000 55615.dat
1 71 40.000050 -212.867900 40.000160 0.000000 0.000000 1.000000 -1.000000 0.000000 0.000000 0.000000 -1.000000 0.000000 55615.dat
1 26 0.000050 -212.867900 60.000160 1.000000 0.000000 0.000000 0.000000 1.000000 0.000000 0.000000 0.000000 1.000000 39793.dat
1 26 0.000040 -212.867900 -59.999840 1.000000 0.000000 0.000000 0.000000 1.000000 0.000000 0.000000 0.000000 1.000000 39793.dat
1 26 60.000060 -212.867900 0.000160 0.000000 0.000000 -1.000000 0.000000 1.000000 0.000000 1.000000 0.000000 0.000000 39793.dat
1 26 -59.999920 -212.867800 0.000220 0.000000 0.000000 -1.000000 0.000000 1.000000 0.000000 1.000000 0.000000 0.000000 39793.dat
1 15 -39.999930 -222.867800 0.000220 0.000000 1.000000 0.000000 -1.000000 0.000000 0.000000 0.000000 0.000000 1.000000 4274.dat
1 15 0.000040 -222.867900 40.000160 0.000000 1.000000 0.000000 -1.000000 0.000000 0.000000 0.000000 0.000000 1.000000 4274.dat
1 15 40.000060 -222.867900 0.000160 0.000000 1.000000 0.000000 -1.000000 0.000000 0.000000 0.000000 0.000000 1.000000 4274.dat
1 15 0.000030 -222.867900 -39.999830 0.000000 1.000000 0.000000 -1.000000 0.000000 0.000000 0.000000 0.000000 1.000000 4274.dat
1 15 60.000040 -212.867900 -49.999840 0.000000 1.000000 0.000000 0.000000 0.000000 -1.000000 -1.000000 0.000000 0.000000 4274.dat
1 15 -59.999940 -212.867800 -49.999780 0.000000 1.000000 0.000000 0.000000 0.000000 -1.000000 -1.000000 0.000000 0.000000 4274.dat
1 15 60.000040 -212.867900 50.000170 0.000000 1.000000 0.000000 0.000000 0.000000 1.000000 1.000000 0.000000 0.000000 4274.dat
1 15 -59.999920 -212.867800 50.000160 0.000000 1.000000 0.000000 0.000000 0.000000 1.000000 1.000000 0.000000 0.000000 4274.dat
1 191 0.000060 -222.867900 0.000160 1.000000 0.000000 0.000000 0.000000 1.000000 0.000000 0.000000 0.000000 1.000000 11212.dat
1 15 0.000060 -230.867900 0.000160 1.000000 0.000000 0.000000 0.000000 1.000000 0.000000 0.000000 0.000000 1.000000 41539.dat
1 15 0.000060 -254.867900 -19.999840 1.000000 0.000000 0.000000 0.000000 1.000000 0.000000 0.000000 0.000000 1.000000 3003.dat
1 15 0.000060 -254.867900 -9.999840 -1.000000 0.000000 0.000000 0.000000 1.000000 0.000000 0.000000 0.000000 -1.000000 85984.dat
1 15 0.000060 -278.867900 -29.999840 -1.000000 0.000000 0.000000 0.000000 1.000000 0.000000 0.000000 0.000000 -1.000000 3937.dat
1 15 0.000060 -277.528100 -24.999830 1.000000 0.000000 0.000000 0.000000 0.866026 0.500000 0.000000 -0.500000 0.866026 6134.dat
1 0 0.000060 -279.456400 -12.339560 1.000000 0.000000 0.000000 0.000000 0.866026 0.500000 0.000000 -0.500000 0.866026 3068b.dat
1 85 0.000060 -270.867900 31.000160 1.000000 0.000000 0.000000 0.000000 1.000000 0.000000 0.000000 0.000000 1.000000 3815c01.dat
1 85 0.000060 -302.867900 31.000160 1.000000 0.000000 0.000000 0.000000 1.000000 0.000000 0.000000 0.000000 1.000000 973.dat
1 85 0.000060 -326.867900 31.000150 1.000000 0.000000 0.000000 0.000000 1.000000 0.000000 0.000000 0.000000 1.000000 3626b.dat
1 85 15.471860 -293.992200 31.000180 0.985328 0.120682 0.120683 -0.170671 0.696732 0.696732 0.000000 -0.707107 0.707107 3819.dat
1 85 -15.574560 -293.960700 31.000160 0.985495 -0.119998 -0.119998 0.169703 0.696850 0.696850 0.000000 -0.707107 0.707107 3818.dat
1 85 -21.642020 -288.189100 10.847610 1.000000 0.000000 0.000000 0.000000 1.000000 0.000000 0.000000 0.000000 1.000000 3820.dat
1 85 21.484640 -288.575000 10.494080 1.000000 0.000000 0.000000 0.000000 1.000000 0.000000 0.000000 0.000000 1.000000 3820.dat
