0 Untitled Model
0 Name:  Izzy
0 Author:  
0 CustomBrick
0 FlexibleBrickControlPointUnitLength -1
0 NumOfBricks:  18
1 15 0.000000 -16.000000 -20.000010 -1.000000 0.000000 0.000000 0.000000 1.000000 0.000000 0.000000 0.000000 -1.000000 33909.dat
1 15 0.000010 -8.000000 0.000000 0.000000 0.000000 -1.000000 0.000000 1.000000 0.000000 1.000000 0.000000 0.000000 3709b.dat
1 72 0.000000 -38.000000 19.999970 0.000000 -1.000000 0.000000 1.000000 0.000000 0.000000 0.000000 0.000000 1.000000 87083.dat
1 15 0.000020 -32.000000 19.999990 1.000000 0.000000 0.000000 0.000000 1.000000 0.000000 0.000000 0.000000 1.000000 3941.dat
1 25 0.000020 -108.000000 19.999990 1.000000 0.000000 0.000000 0.000000 0.000000 -1.000000 0.000000 1.000000 0.000000 79851.dat
1 71 0.000020 -68.000000 19.999970 0.000000 -1.000000 0.000000 0.000000 0.000000 -1.000000 1.000000 0.000000 0.000000 3713.dat
1 85 0.000020 -40.000000 19.999990 1.000000 0.000000 0.000000 0.000000 1.000000 0.000000 0.000000 0.000000 1.000000 4032a.dat
1 85 0.000000 -24.000000 -30.000010 1.000000 0.000000 0.000000 0.000000 1.000000 0.000000 0.000000 0.000000 1.000000 42511.dat
1 0 -29.600000 -9.700000 -30.000010 0.000000 0.000000 -1.000000 0.000000 1.000000 0.000000 1.000000 0.000000 0.000000 2496.dat
1 0 29.600080 -9.700000 -30.000010 0.000000 0.000000 -1.000000 0.000000 1.000000 0.000000 1.000000 0.000000 0.000000 2496.dat
1 30 0.000000 -48.000000 -30.000010 1.000000 0.000000 0.000000 0.000000 1.000000 0.000000 0.000000 0.000000 1.000000 41879b.dat
1 14 0.000000 -104.000000 -30.000010 1.000000 0.000000 0.000000 0.000000 1.000000 0.000000 0.000000 0.000000 1.000000 3626cp7l.dat
1 0 0.000000 -104.000000 -30.000010 1.000000 0.000000 0.000000 0.000000 1.000000 0.000000 0.000000 0.000000 1.000000 80577p02.dat
1 3 0.000000 -80.000000 -30.000010 1.000000 0.000000 0.000000 0.000000 1.000000 0.000000 0.000000 0.000000 1.000000 973.dat
1 3 -15.574610 -71.092830 -30.000010 0.985495 -0.169703 0.000000 0.169703 0.985495 0.000000 0.000000 0.000000 1.000000 3818.dat
1 3 15.471790 -71.124320 -30.000010 0.985328 0.120682 0.120683 -0.170671 0.696732 0.696733 0.000000 -0.707107 0.707106 3819.dat
1 14 -23.726450 -53.216940 -39.500000 0.991565 0.048984 0.119998 0.048984 0.715542 -0.696851 -0.119998 0.696850 0.707107 3820.dat
1 14 21.484580 -65.707110 -50.506110 1.000000 0.000000 0.000000 0.000000 1.000000 0.000001 0.000000 -0.000001 1.000000 3820.dat
