0 Untitled Model
0 Name:  Mixer
0 Author:  
0 CustomBrick
0 FlexibleBrickControlPointUnitLength -1
0 NumOfBricks:  99
1 15 10.000000 -10.000000 -10.000000 1.000000 0.000000 0.000000 0.000000 -1.000000 0.000000 0.000000 0.000000 -1.000000 64782.dat
1 0 -100.000000 -10.000000 -50.000000 1.000000 0.000000 0.000000 0.000000 1.000000 0.000000 0.000000 0.000000 1.000000 2780.dat
1 0 120.000000 -10.000000 -50.000000 1.000000 0.000000 0.000000 0.000000 1.000000 0.000000 0.000000 0.000000 1.000000 2780.dat
1 1 130.000000 -9.999990 30.000000 1.000000 0.000000 0.000000 0.000000 1.000000 0.000000 0.000000 0.000000 1.000000 6558.dat
1 1 -110.000000 -9.999990 30.000000 -1.000000 0.000000 0.000000 0.000000 1.000000 0.000000 0.000000 0.000000 -1.000000 6558.dat
1 15 130.000000 -9.999980 30.000020 0.000000 -1.000000 0.000000 -1.000000 0.000000 0.000000 0.000000 0.000000 -1.000000 32526.dat
1 1 69.999980 -164.131900 -12.934030 0.000000 1.000000 0.000000 0.308883 0.000000 0.951100 0.951100 0.000000 -0.308883 32278.dat
1 1 89.999890 -30.978000 -56.177600 1.000000 0.000000 0.000000 0.000000 -0.308883 0.951100 0.000000 -0.951100 -0.308883 6558.dat
1 1 90.000060 -297.286000 30.309620 1.000000 0.000000 0.000000 0.000000 -0.308883 0.951100 0.000000 -0.951100 -0.308883 6558.dat
1 1 89.999820 -30.978000 -56.177600 0.000000 -1.000000 0.000000 -0.951100 0.000000 -0.308883 0.308883 0.000000 -0.951100 18654.dat
1 1 90.000060 -297.286000 30.309620 0.000000 -1.000000 0.000001 -0.951100 0.000000 -0.308883 0.308883 0.000000 -0.951100 18654.dat
1 1 110.000000 -164.132000 -12.934010 0.000000 1.000000 -0.000001 0.308883 0.000001 0.951100 0.951100 0.000000 -0.308883 32278.dat
1 1 49.999940 -50.000070 -49.999960 -1.000000 0.000000 0.000000 0.000000 0.000000 -1.000000 0.000000 -1.000000 0.000000 6558.dat
1 1 49.999930 -278.264100 24.131980 -1.000000 0.000000 0.000000 0.000000 -0.308883 -0.951100 0.000000 -0.951100 0.308883 6558.dat
1 272 49.999970 -164.131900 -12.934020 0.000000 1.000000 0.000000 0.308883 0.000000 0.951100 0.951100 0.000000 -0.308883 32278.dat
1 1 30.000010 -164.131900 -12.934020 0.000000 1.000000 -0.000001 0.308883 0.000001 0.951100 0.951100 0.000000 -0.308883 32278.dat
1 1 9.999929 -30.978010 -56.177620 -1.000000 0.000000 0.000000 0.000000 -0.308883 -0.951100 0.000000 -0.951100 0.308883 6558.dat
1 1 10.000090 -297.286000 30.309610 -1.000000 0.000000 0.000000 0.000000 -0.308883 -0.951100 0.000000 -0.951100 0.308883 6558.dat
1 1 9.999929 -30.978010 -56.177620 0.000000 -1.000000 0.000001 -0.951100 0.000000 -0.308883 0.308883 0.000000 -0.951100 18654.dat
1 1 10.000090 -297.286000 30.309610 0.000000 -1.000000 0.000001 -0.951100 0.000000 -0.308883 0.308883 0.000000 -0.951100 18654.dat
1 1 -10.000010 -164.131900 -12.934030 0.000000 1.000000 -0.000001 0.308883 0.000001 0.951100 0.951100 0.000000 -0.308883 32278.dat
1 1 -30.000120 -50.000020 -49.999950 -1.000000 0.000000 0.000000 0.000000 0.000000 -1.000000 0.000000 -1.000000 0.000000 6558.dat
1 1 -29.999940 -278.264000 24.131960 -1.000000 0.000000 0.000000 0.000000 -0.308883 -0.951100 0.000000 -0.951100 0.308883 6558.dat
1 272 -30.000060 -164.131900 -12.934030 0.000000 1.000000 0.000000 0.308883 0.000000 0.951100 0.951100 0.000000 -0.308883 32278.dat
1 1 -49.999820 -164.131900 -12.934050 0.000000 1.000000 -0.000001 0.308883 0.000001 0.951100 0.951100 0.000000 -0.308883 32278.dat
1 1 -70.000160 -30.977930 -56.177640 -1.000000 0.000000 0.000000 0.000000 -0.308883 -0.951100 0.000000 -0.951100 0.308883 6558.dat
1 1 -69.999820 -297.286000 30.309600 -1.000000 0.000000 0.000000 0.000000 -0.308883 -0.951100 0.000000 -0.951100 0.308883 6558.dat
1 1 -70.000160 -30.977930 -56.177640 0.000000 -1.000000 0.000001 -0.951100 0.000000 -0.308883 0.308883 0.000000 -0.951100 18654.dat
1 1 -69.999820 -297.285900 30.309590 0.000000 -1.000000 0.000001 -0.951100 0.000000 -0.308883 0.308883 0.000000 -0.951100 18654.dat
1 1 -89.999910 -164.131900 -12.933910 0.000000 1.000000 -0.000001 0.308883 0.000001 0.951100 0.951100 0.000000 -0.308883 32278.dat
1 0 -100.000200 -49.999940 -49.999960 1.000000 0.000000 0.000000 0.000000 0.000000 1.000000 0.000000 -1.000000 0.000000 2780.dat
1 0 -100.000000 -126.087900 -25.289380 1.000000 0.000000 0.000000 0.000000 -0.308883 0.951100 0.000000 -0.951100 -0.308883 2780.dat
1 0 -99.999920 -202.175900 -0.578760 1.000000 0.000000 0.000000 0.000000 -0.308883 0.951100 0.000000 -0.951100 -0.308883 2780.dat
1 0 120.000000 -50.000000 -49.999990 1.000000 0.000000 0.000000 0.000000 0.000000 1.000000 0.000000 -1.000000 0.000000 2780.dat
1 0 120.000100 -126.088000 -25.289310 1.000000 0.000000 0.000000 0.000000 -0.308883 0.951100 0.000000 -0.951100 -0.308883 2780.dat
1 0 120.000100 -202.175900 -0.578690 1.000000 0.000000 0.000000 0.000000 -0.308883 0.951100 0.000000 -0.951100 -0.308883 2780.dat
1 0 -110.000100 -164.132100 -12.933980 0.000000 1.000002 0.000000 -0.951108 0.000000 0.308883 0.308886 0.000000 0.951100 27940.dat
1 0 -110.000100 -126.087900 -25.289370 1.000002 0.000000 0.000000 0.000000 -0.308883 0.951108 0.000000 -0.951100 -0.308886 32014.dat
1 0 -109.999500 -202.176500 -0.578560 -1.000000 0.000000 0.000000 0.000000 -0.308883 -0.951100 0.000000 -0.951100 0.308883 32014.dat
1 0 -120.000400 -164.132100 -12.933990 1.000002 0.000000 0.000000 0.000000 -0.308883 0.951108 0.000000 -0.951100 -0.308886 2780.dat
1 19 -110.000100 -116.821400 3.243600 0.000000 -1.000002 0.000000 -0.308883 0.000000 0.951108 -0.951100 0.000000 -0.308886 3749.dat
1 19 -110.000200 -192.909900 27.954400 0.000000 -1.000002 0.000001 -0.308883 0.000000 0.951108 -0.951100 0.000000 -0.308886 3749.dat
1 0 129.999500 -164.131900 -12.934000 0.000000 -1.000000 -0.000001 0.951100 0.000000 0.308883 -0.308883 0.000000 0.951100 27940.dat
1 0 130.000200 -202.175900 -0.578680 -1.000000 0.000001 0.000000 0.000000 -0.308883 -0.951100 -0.000001 -0.951100 0.308883 32014.dat
1 0 130.000200 -126.088000 -25.289310 1.000000 0.000000 0.000000 0.000000 -0.308883 0.951100 0.000001 -0.951100 -0.308883 32014.dat
1 0 140.000100 -164.131900 -12.934010 -1.000000 0.000000 0.000000 0.000000 -0.308883 -0.951100 0.000000 -0.951100 0.308883 2780.dat
1 19 130.000100 -192.909500 27.954280 0.000001 1.000000 0.000000 -0.308883 0.000000 -0.951100 -0.951100 0.000001 0.308883 3749.dat
1 19 130.000100 -116.821500 3.243670 0.000001 1.000000 0.000000 -0.308883 0.000000 -0.951100 -0.951100 0.000001 0.308883 3749.dat
1 15 150.000000 -87.066020 8.533020 0.000000 -1.000000 0.000000 -0.268337 0.000000 -0.963325 0.963325 0.000000 -0.268337 40490.dat
1 15 -130.000400 -87.066060 8.533000 0.000000 -1.000000 0.000000 -0.268337 0.000000 -0.963325 0.963325 0.000000 -0.268337 40490.dat
1 15 -110.000200 -9.999920 30.000020 0.000000 -1.000000 0.000000 -1.000000 0.000000 0.000000 0.000000 0.000000 -1.000000 32526.dat
1 1 90.009960 -69.021290 -43.822300 0.000000 0.000000 -1.000000 0.308883 0.951100 0.000000 0.951100 -0.308883 0.000000 6558.dat
1 1 90.009990 -49.999300 -49.999960 0.000000 0.000000 -1.000000 0.308883 0.951100 0.000000 0.951100 -0.308883 0.000000 6558.dat
1 1 10.020000 -69.021280 -43.822280 0.000000 0.000000 -1.000000 0.308883 0.951100 0.000000 0.951100 -0.308883 0.000000 6558.dat
1 1 10.020000 -49.999280 -49.999960 0.000000 0.000000 -1.000000 0.308883 0.951100 0.000000 0.951100 -0.308883 0.000000 6558.dat
1 1 -69.830010 -49.999250 -49.999950 0.000000 0.000000 -1.000000 0.308883 0.951100 0.000000 0.951100 -0.308883 0.000000 6558.dat
1 1 -69.830020 -69.021240 -43.822280 0.000000 0.000000 -1.000000 0.308883 0.951100 0.000000 0.951100 -0.308883 0.000000 6558.dat
1 15 -69.830020 -69.021240 -43.822280 1.000000 0.000000 0.000000 0.000000 0.308883 -0.951100 0.000000 0.951100 0.308883 32523.dat
1 15 10.020000 -69.021280 -43.822280 1.000000 0.000000 0.000000 0.000000 0.308883 -0.951100 0.000000 0.951100 0.308883 32523.dat
1 15 90.009960 -69.021290 -43.822300 1.000000 0.000000 0.000000 0.000000 0.308883 -0.951100 0.000000 0.951100 0.308883 32523.dat
1 1 90.009990 -81.865620 -18.622630 0.000000 0.000000 -1.000000 0.308883 0.951100 0.000000 0.951100 -0.308883 0.000000 6558.dat
1 1 10.020000 -81.865620 -18.622610 0.000000 0.000000 -1.000000 0.308883 0.951100 0.000000 0.951100 -0.308883 0.000000 6558.dat
1 1 -69.830020 -81.865580 -18.622610 0.000000 0.000000 -1.000000 0.308883 0.951100 0.000000 0.951100 -0.308883 0.000000 6558.dat
1 15 90.009980 -62.843620 -24.800300 1.000000 0.000000 0.000000 0.000000 0.308883 -0.951100 0.000000 0.951100 0.308883 39793.dat
1 15 10.020000 -62.843620 -24.800280 1.000000 0.000000 0.000000 0.000000 0.308883 -0.951100 0.000000 0.951100 0.308883 39793.dat
1 15 -69.830020 -62.843560 -24.800280 1.000000 0.000000 0.000000 0.000000 0.308883 -0.951100 0.000000 0.951100 0.308883 39793.dat
1 15 -69.830010 -75.198920 -62.844280 1.000000 0.000000 0.000000 0.000000 0.308883 -0.951100 0.000000 0.951100 0.308883 39793.dat
1 15 10.019990 -75.198940 -62.844280 1.000000 0.000000 0.000000 0.000000 0.308883 -0.951100 0.000000 0.951100 0.308883 39793.dat
1 15 90.009980 -75.198940 -62.844300 1.000000 0.000000 0.000000 0.000000 0.308883 -0.951100 0.000000 0.951100 0.308883 39793.dat
1 1 90.009990 -75.687930 0.399370 1.000000 0.000000 0.000000 0.000000 -0.308883 0.951100 0.000000 -0.951100 -0.308883 18654.dat
1 1 10.020000 -75.687930 0.399390 1.000000 0.000000 0.000000 0.000000 -0.308883 0.951100 0.000000 -0.951100 -0.308883 18654.dat
1 1 -69.830020 -75.687920 0.399390 1.000000 0.000000 0.000000 0.000000 -0.308883 0.951100 0.000000 -0.951100 -0.308883 18654.dat
1 1 -89.830020 -81.376590 -81.866260 0.000000 0.000000 1.000000 -0.308883 0.951100 0.000000 -0.951100 -0.308883 0.000000 6558.dat
1 1 -49.830020 -81.376580 -81.866290 0.000000 0.000000 1.000000 -0.308883 0.951100 0.000000 -0.951100 -0.308883 0.000000 6558.dat
1 1 -9.980020 -81.376620 -81.866280 0.000000 0.000000 1.000000 -0.308883 0.951100 0.000000 -0.951100 -0.308883 0.000000 6558.dat
1 1 30.019990 -81.376620 -81.866280 0.000000 0.000000 1.000000 -0.308883 0.951100 0.000000 -0.951100 -0.308883 0.000000 6558.dat
1 1 70.009980 -81.376620 -81.866280 0.000000 0.000000 1.000000 -0.308883 0.951100 0.000000 -0.951100 -0.308883 0.000000 6558.dat
1 1 110.010000 -81.376610 -81.866290 0.000000 0.000000 1.000000 -0.308883 0.951100 0.000000 -0.951100 -0.308883 0.000000 6558.dat
1 25 -69.830020 -81.376590 -81.866290 0.000000 0.000000 -1.000000 -0.951100 0.308883 0.000000 0.308884 0.951100 0.000000 32523.dat
1 25 -69.830040 -87.554240 -100.888300 0.000000 0.000000 -1.000000 -0.951100 0.308883 0.000000 0.308883 0.951100 0.000000 32523.dat
1 25 10.019980 -81.376620 -81.866280 0.000000 0.000000 -1.000000 -0.951100 0.308883 0.000000 0.308883 0.951100 0.000000 32523.dat
1 25 10.019980 -87.554290 -100.888300 0.000000 0.000000 -1.000000 -0.951100 0.308883 0.000000 0.308883 0.951100 0.000000 32523.dat
1 25 90.009980 -81.376620 -81.866290 0.000000 0.000000 -1.000000 -0.951100 0.308883 0.000000 0.308883 0.951100 0.000000 32523.dat
1 25 90.009980 -87.554290 -100.888300 0.000000 0.000000 -1.000000 -0.951100 0.308883 0.000000 0.308883 0.951100 0.000000 32523.dat
1 0 90.000040 -113.732700 12.754650 0.000000 0.000001 -1.000000 0.951100 -0.308883 0.000000 -0.308883 -0.951100 -0.000001 32316.dat
1 0 110.000000 -110.643900 22.265660 -0.000001 0.000000 -1.000000 0.308883 0.951100 0.000000 0.951100 -0.308883 -0.000001 2780.dat
1 1 90.000030 -110.643900 22.265650 -0.000001 0.000000 -1.000000 0.308883 0.951100 0.000000 0.951100 -0.308883 -0.000001 43093.dat
1 0 130.000000 -109.099500 27.021180 0.000000 0.000001 -1.000000 0.951100 -0.308883 0.000000 -0.308883 -0.951100 -0.000001 32056.dat
1 0 130.000000 -106.010600 36.532180 0.000000 0.000001 -1.000000 0.951100 -0.308883 0.000000 -0.308883 -0.951100 -0.000001 32056.dat
1 19 130.000000 -66.422210 28.932370 0.000000 1.000000 0.000000 -0.308883 0.000000 -0.951100 -0.951100 0.000001 0.308883 3749.dat
1 0 -71.407730 -123.736300 16.003480 0.262953 0.000000 -0.964809 0.917630 -0.308883 0.250094 -0.298013 -0.951100 -0.081222 32316.dat
1 71 -71.407740 -120.647500 25.514490 0.000000 0.262953 -0.964809 0.308883 0.917630 0.250094 0.951100 -0.298013 -0.081222 3673.dat
1 1 -52.111540 -204.826700 42.338620 0.262951 -0.000001 -0.964810 0.917631 -0.308882 0.250093 -0.298013 -0.951100 -0.081220 32524.dat
1 1 5.777000 -216.743400 56.722820 0.000000 0.262951 -0.964810 0.308883 0.917630 0.250093 0.951100 -0.298013 -0.081221 43093.dat
1 0 5.777000 -207.476800 85.255840 0.964810 0.262951 0.000000 -0.250093 0.917630 0.308882 0.081221 -0.298013 0.951100 26287.dat
1 19 -71.407760 -193.647100 59.736210 0.000001 0.262951 -0.964810 0.308882 0.917630 0.250093 0.951100 -0.298013 -0.081220 32556.dat
1 0 -71.407740 -155.603100 47.380900 1.000000 0.000000 0.000000 0.000000 -0.308883 0.951100 0.000000 -0.951100 -0.308883 32316.dat
1 15 29.296140 -125.401400 58.600720 -0.543826 0.000000 -0.839199 0.798162 -0.308883 -0.517233 -0.259214 -0.951100 0.167978 41239.dat
1 1 130.000100 -189.820600 37.465280 1.000000 0.000000 0.000000 0.000000 -0.308883 0.951100 0.000000 -0.951100 -0.308883 18654.dat
