0 Untitled Model
0 Name:  Noah
0 Author: 
0 CustomBrick
0 FlexibleBrickControlPointUnitLength -1
0 NumOfBricks:  16
1 15 18 -72 -67 0 1 0 -1 0 0 0 0 1 3069bp68.dat
1 15 0 -16 -20 -1 0 0 0 1 0 0 0 -1 33909.dat
1 15 0 -8 -0 0 0 -1 0 1 0 1 0 0 3709b.dat
1 72 0 -38 20 0 -1 0 1 0 0 0 0 1 87083.dat
1 15 0 -32 20 1 0 0 0 1 0 0 0 1 3941.dat
1 25 0 -108 20 1 0 0 0 0 -1 0 1 0 79851.dat
1 71 0 -68 20 0 -1 0 0 0 -1 1 0 0 3713.dat
1 5 0 -40 20 1 0 0 0 1 0 0 0 1 4032a.dat
1 26 -0 -56 -29 1 0 0 0 1 0 0 0 1 3815c01.dat
1 71 0 -112 -29 1 0 0 0 1 0 0 0 1 11256.dat
1 272 0 -88 -29 1 0 0 0 1 0 0 0 1 973.dat
1 272 -15.5746 -79.0928 -29 0.985495 -0.169703 0 0.169703 0.985495 0 0 0 1 3818.dat
1 272 15.4718 -79.1243 -29 0.985328 0.120682 0.120683 -0.170671 0.696732 0.696733 0 -0.707107 0.707106 3819.dat
1 14 -23.7265 -61.2169 -38.5 0.991565 0.048984 0.119998 0.048984 0.715542 -0.69685 -0.119998 0.69685 0.707107 3820.dat
1 14 21.4846 -73.7071 -49.5061 1 0 0 0 1 0.000001 0 -0.000001 1 3820.dat
1 14 0 -112.5336 -29.3021 1 0 0 0 1 0 0 0 1 3626cp79.dat
