0 Untitled Model
0 Name:  Sam
0 Author: 
0 CustomBrick
0 FlexibleBrickControlPointUnitLength -1
0 NumOfBricks:  17
1 3 -0 -87.6222 -28.9033 1 0 0 0 1 0 0 0 1 973.dat
1 212 0 -56 -29 1 0 0 0 1 0 0 0 1 3815c01.dat
1 14 0 -112 -29 1 0 0 0 1 0 0 0 1 3626bp8c.dat
1 4 0 -112 -29 1 0 0 0 1 0 0 0 1 98385.dat
1 323 -21.6421 -101.1065 -66.2886 -1 0 0 0 -0.968766 -0.247976 0 -0.247976 0.968766 35809p01.dat
1 3 15.4717 -78.7465 -28.9033 0.985328 0.120682 0.120683 -0.170671 0.696731 0.696733 0 -0.707108 0.707106 3819.dat
1 3 -15.5747 -78.715 -28.9033 0.985495 -0.119998 -0.119999 0.169703 0.69685 0.696851 0 -0.707107 0.707107 3818.dat
1 14 -21.6421 -72.9435 -49.0558 1 0 0 0 1 0 0 0 1 3820.dat
1 14 21.4845 -73.3293 -49.4094 1 0 0 0 1 0 0 0 1 3820.dat
1 15 0 -16 -20 -1 0 0 0 1 0 0 0 -1 33909.dat
1 15 0 -8 -0 0 0 -1 0 1 0 1 0 0 3709b.dat
1 72 0 -38 20 0 -1 0 1 0 0 0 0 1 87083.dat
1 15 0 -32.26 20 1 0 0 0 1 0 0 0 1 3941.dat
1 1 0 -40.26 20 1 0 0 0 1 0 0 0 1 4032a.dat
1 25 0 -110.38 20 1 0 0 0 0 -1 0 1 0 79851.dat
1 71 0 -68 20 1 0 0 0 0 -1 0 1 0 3713.dat
1 15 18.0567 -73.3293 -68.0015 0 1 0 1 0 0 0 0 -1 3069bpt8.dat
