0 FILE SceneChange
0 Untitled Model
0 Name:  SceneChange
0 Author:  
0 CustomBrick
0 FlexibleBrickControlPointUnitLength -1
0 NumOfBricks:  159
1 15 -110.000000 -69.999600 30.003990 0.000000 0.000000 1.000000 -1.000000 0.000000 0.000000 0.000000 -1.000000 0.000000 39794.dat
1 1 -10.000190 -9.999990 30.001880 0.000000 0.000000 -1.000000 0.000000 1.000000 0.000000 1.000000 0.000000 0.000000 6558.dat
1 1 -50.000140 -9.999990 30.001870 0.000000 0.000000 -1.000000 0.000000 1.000000 0.000000 1.000000 0.000000 0.000000 6558.dat
1 0 -210.000000 -90.000060 20.001840 0.000000 0.000000 -1.000000 0.000000 1.000000 0.000000 1.000000 0.000000 0.000000 2780.dat
1 0 -210.000000 -50.000080 20.001850 0.000000 0.000000 -1.000000 0.000000 1.000000 0.000000 1.000000 0.000000 0.000000 2780.dat
1 15 -210.000000 -70.000050 -9.998090 0.000000 1.000000 0.000000 -1.000000 0.000000 0.000000 0.000000 0.000000 1.000000 71709.dat
1 0 -210.000000 -90.000040 -39.998010 0.000000 0.000000 -1.000000 0.000000 1.000000 0.000000 1.000000 0.000000 0.000000 2780.dat
1 0 -210.000000 -50.000060 -39.998000 0.000000 0.000000 -1.000000 0.000000 1.000000 0.000000 1.000000 0.000000 0.000000 2780.dat
1 15 -30.000180 -9.999980 -9.998070 0.000000 0.000000 -1.000000 0.000000 1.000000 0.000000 1.000000 0.000000 0.000000 39793.dat
1 1 -50.000150 -9.999969 -49.998000 0.000000 0.000000 1.000000 0.000000 1.000000 0.000000 -1.000000 0.000000 0.000000 6558.dat
1 1 -10.000210 -9.999980 -49.998000 0.000000 0.000000 1.000000 0.000000 1.000000 0.000000 -1.000000 0.000000 0.000000 6558.dat
1 15 -110.000000 -70.000030 -50.000030 0.000000 0.000000 -1.000000 -1.000000 0.000000 0.000000 0.000000 1.000000 0.000000 39794.dat
1 19 -10.000180 -130.000100 -39.998050 0.000000 0.000000 1.000000 0.000000 1.000000 0.000000 -1.000000 0.000000 0.000000 99008.dat
1 0 -10.000180 -130.000100 -29.998180 1.000000 0.000000 0.000000 0.000000 1.000000 0.000000 0.000000 0.000000 1.000000 32270.dat
1 15 -10.000180 -130.002900 0.001890 1.000000 0.000000 0.000000 0.000000 1.000000 0.000000 0.000000 0.000000 1.000000 59443.dat
1 19 -10.000190 -130.000100 40.001920 0.000000 0.000000 1.000000 0.000000 1.000000 0.000000 -1.000000 0.000000 0.000000 99008.dat
1 19 -170.000000 -130.000000 -39.998040 0.000000 0.000000 -1.000000 0.000000 1.000000 0.000000 1.000000 0.000000 0.000000 3749.dat
1 19 -50.000140 -130.000000 -39.998040 0.000000 0.000000 -1.000000 0.000000 1.000000 0.000000 1.000000 0.000000 0.000000 3749.dat
1 0 -170.000000 -130.000000 -9.998130 1.000000 0.000000 0.000000 0.000000 1.000000 0.000000 0.000000 0.000000 1.000000 32034.dat
1 0 -50.000140 -130.000000 -9.998130 1.000000 0.000000 0.000000 0.000000 1.000000 0.000000 0.000000 0.000000 1.000000 32034.dat
1 4 -50.000120 -130.000000 20.001850 0.000000 0.000000 -1.000000 0.000000 1.000000 0.000000 1.000000 0.000000 0.000000 32062.dat
1 4 -170.000000 -130.000000 20.001850 0.000000 0.000000 -1.000000 0.000000 1.000000 0.000000 1.000000 0.000000 0.000000 32062.dat
1 72 -100.000000 -130.000100 -9.998090 -1.000000 0.000000 0.000000 0.000000 1.000000 0.000000 0.000000 0.000000 -1.000000 55013.dat
1 0 -30.000180 -130.000100 -9.998119 0.000000 0.000000 1.000000 0.000000 1.000000 0.000000 -1.000000 0.000000 0.000000 32270.dat
1 0 -150.000000 -130.000100 -9.998099 0.000000 0.000000 1.000000 0.000000 1.000000 0.000000 -1.000000 0.000000 0.000000 3713.dat
1 0 -130.000000 -130.000100 -9.998090 0.000000 0.000000 1.000000 0.000000 1.000000 0.000000 -1.000000 0.000000 0.000000 32270.dat
1 0 -110.000000 -130.000100 -9.998099 0.000000 1.000000 0.000000 0.000000 0.000000 -1.000000 -1.000000 0.000000 0.000000 18654.dat
1 0 -90.000020 -130.000100 -9.998110 0.000000 1.000000 0.000000 0.000000 0.000000 -1.000000 -1.000000 0.000000 0.000000 18654.dat
1 0 -70.000070 -130.000100 -9.998110 0.000000 1.000000 0.000000 0.000000 0.000000 -1.000000 -1.000000 0.000000 0.000000 18654.dat
1 71 -89.999980 -30.000000 -50.000020 0.000000 1.000000 0.000000 0.000000 0.000000 -1.000000 -1.000000 0.000000 0.000000 2393.dat
1 0 -210.000000 -9.999980 -59.998040 0.000000 0.000000 -1.000000 0.000000 1.000000 0.000000 1.000000 0.000000 0.000000 2780.dat
1 0 -130.000000 -9.999980 -59.998040 0.000000 0.000000 -1.000000 0.000000 1.000000 0.000000 1.000000 0.000000 0.000000 2780.dat
1 0 -130.000000 -10.000000 40.001980 0.000000 0.000000 -1.000000 0.000000 1.000000 0.000000 1.000000 0.000000 0.000000 2780.dat
1 0 -210.000000 -10.000000 40.001980 0.000000 0.000000 -1.000000 0.000000 1.000000 0.000000 1.000000 0.000000 0.000000 2780.dat
1 15 -170.000000 -10.000010 50.002000 0.000000 0.000000 -1.000000 1.000000 0.000000 0.000000 0.000000 -1.000000 0.000000 32316.dat
1 15 -170.000000 -9.999969 -69.998020 0.000000 0.000000 -1.000000 1.000000 0.000000 0.000000 0.000000 -1.000000 0.000000 32316.dat
1 15 29.999950 -9.999969 -69.998040 0.000000 0.000000 1.000000 1.000000 0.000000 0.000000 0.000000 1.000000 0.000000 40490.dat
1 1 110.000000 -9.999969 -49.998010 0.000000 0.000000 1.000000 0.000000 1.000000 0.000000 -1.000000 0.000000 0.000000 6558.dat
1 1 70.000000 -9.999969 -49.998000 0.000000 0.000000 1.000000 0.000000 1.000000 0.000000 -1.000000 0.000000 0.000000 6558.dat
1 15 110.000000 -90.000030 -49.998050 -1.000000 0.000000 0.000000 0.000000 -0.000001 1.000000 0.000000 1.000000 0.000001 32526.dat
1 15 90.000050 -9.999980 -9.998090 0.000000 0.000000 -1.000000 0.000000 1.000000 0.000000 1.000000 0.000000 0.000000 39793.dat
1 1 110.000100 -9.999980 30.001840 0.000000 0.000000 -1.000000 0.000000 1.000000 0.000000 1.000000 0.000000 0.000000 6558.dat
1 1 70.000060 -9.999980 30.001850 0.000000 0.000000 -1.000000 0.000000 1.000000 0.000000 1.000000 0.000000 0.000000 6558.dat
1 15 110.000100 -90.000030 30.001800 -1.000000 0.000000 0.000000 0.000000 -0.000001 1.000000 0.000000 1.000000 0.000001 32526.dat
1 15 30.000060 -10.000000 50.001960 0.000000 0.000000 1.000000 1.000000 0.000000 0.000000 0.000000 1.000000 0.000000 40490.dat
1 71 110.000000 -90.000020 -69.998100 0.000000 0.000000 1.000000 0.000000 1.000000 0.000000 -1.000000 0.000000 0.000000 77765.dat
1 15 110.000000 -90.000020 -69.998100 0.000000 -0.087155 -0.996195 0.000000 0.996195 -0.087155 1.000000 0.000000 0.000000 32013.dat
1 25 110.000000 -90.000010 -89.998090 0.000000 0.087155 -0.996195 0.000000 -0.996195 -0.087155 -1.000000 0.000000 0.000000 32016.dat
1 0 23.387630 -62.585020 -89.998120 0.953715 0.300714 0.000000 -0.300713 0.953715 0.000000 0.000000 0.000000 1.000000 3707.dat
1 0 -10.000160 -100.000100 -65.958100 1.000000 0.000000 0.000000 0.000000 0.000000 -1.000000 0.000000 1.000000 0.000000 32449.dat
1 0 -10.000160 -100.000100 -74.998100 1.000000 0.000000 0.000000 0.000000 0.000000 -1.000000 0.000000 1.000000 0.000000 32449.dat
1 19 -10.000170 -90.000050 -89.998070 0.000000 0.000000 1.000000 0.000000 1.000000 0.000000 -1.000000 0.000000 0.000000 32556.dat
1 0 -10.000160 -90.000050 -99.998070 1.000000 0.000000 0.000000 0.000000 1.000000 0.000000 0.000000 0.000000 1.000000 55981.dat
1 0 -10.000160 -90.000050 -99.998070 1.000000 0.000000 0.000000 0.000000 1.000000 0.000000 0.000000 0.000000 1.000000 89201.dat
1 19 110.000100 -90.000030 50.001910 0.000000 0.000000 1.000000 0.000000 1.000000 0.000000 -1.000000 0.000000 0.000000 32556.dat
1 15 110.000100 -90.000040 70.001910 1.000000 0.000000 0.000000 0.000000 0.000001 1.000000 0.000000 -1.000000 0.000001 18654.dat
1 15 110.000100 -90.000030 50.001910 0.000000 -0.087155 -0.996195 0.000000 0.996195 -0.087155 1.000000 0.000000 0.000000 32013.dat
1 1 139.885900 -87.385350 -89.998090 -0.996195 -0.087155 0.000000 -0.087155 0.996195 0.000000 0.000000 0.000000 -1.000000 43093.dat
1 72 149.847800 -86.513810 -69.998100 -0.996195 0.000000 -0.087155 -0.087155 0.000000 0.996195 0.000000 1.000000 0.000000 11214.dat
1 72 149.847900 -86.513820 50.001920 -0.996195 0.000000 -0.087155 -0.087155 0.000000 0.996195 0.000000 1.000000 0.000000 11214.dat
1 25 149.847900 -86.513810 -9.998139 -0.087155 -0.996195 0.000000 0.996195 -0.087156 0.000000 0.000000 0.000000 1.000000 40490.dat
1 25 169.771800 -84.770690 -9.998150 -0.087156 -0.996195 0.000000 0.996195 -0.087156 0.000000 0.000000 0.000000 1.000000 40490.dat
1 0 -10.000190 -90.000110 80.001930 -1.000000 0.000000 0.000000 0.000000 1.000000 0.000000 0.000000 0.000000 -1.000000 55981.dat
1 0 -10.000190 -90.000110 80.001930 -1.000000 0.000000 0.000000 0.000000 1.000000 0.000000 0.000000 0.000000 -1.000000 89201.dat
1 1 -150.000000 -150.000000 30.003840 0.000000 0.000000 1.000000 1.000000 0.000000 0.000000 0.000000 1.000000 0.000000 6558.dat
1 1 -150.000000 -150.000000 -50.000040 0.000000 0.000000 1.000000 1.000000 0.000000 0.000000 0.000000 1.000000 0.000000 6558.dat
1 15 -150.000000 -150.000100 30.003840 1.000000 0.000000 0.000000 0.000000 1.000000 -0.000001 0.000000 0.000000 1.000000 18654.dat
1 15 -150.000000 -150.000000 -50.000040 1.000000 0.000000 0.000000 0.000000 1.000000 -0.000001 0.000000 0.000000 1.000000 18654.dat
1 15 -150.000000 -170.000100 -10.000120 1.000000 0.000000 0.000000 0.000000 1.000000 0.000000 0.000000 0.000000 1.000000 32316.dat
1 19 -150.000000 -160.000000 -10.000130 0.000000 1.000000 0.000000 1.000000 0.000000 0.000000 0.000000 0.000000 -1.000000 3749.dat
1 0 -150.000000 -150.000000 -10.000120 0.000000 1.000000 0.000000 0.000000 0.000000 -1.000000 -1.000000 0.000000 0.000000 32270.dat
1 14 -70.000050 -30.000000 -60.000060 0.000000 0.000000 -1.000000 0.000000 1.000000 0.000000 1.000000 0.000000 0.000000 3673.dat
1 15 -70.000050 -30.000000 -70.000060 0.000000 -0.927184 -0.374607 0.000000 -0.374607 0.927184 -1.000000 0.000000 0.000000 32013.dat
1 4 -43.777630 -94.902910 -70.000040 0.374606 0.000000 -0.927184 -0.927184 0.000000 -0.374607 0.000000 1.000000 0.000000 3706.dat
1 4 -25.047360 -141.262100 -70.000040 0.000000 -0.374607 0.927184 0.000000 0.927184 0.374607 -1.000000 0.000000 0.000000 41669.dat
1 4 -263.183100 -230.069300 -102.369300 -0.865935 -0.006183 -0.500118 -0.007140 0.999976 0.000000 0.500109 0.003571 -0.865964 3036.dat
1 71 -302.500300 -222.640700 -10.374190 -0.865935 -0.006183 -0.500118 -0.007140 0.999976 0.000000 0.500109 0.003571 -0.865964 2429c01.dat copy
1 71 -163.950600 -221.498200 -90.391530 -0.000147 -0.006183 0.999980 0.003570 0.999976 0.006184 -1.000000 0.003571 -0.000126 2429c01.dat copy
1 4 -263.155900 -230.725900 81.553970 -0.866082 -0.006183 0.499863 -0.003570 0.999976 0.006184 -0.499892 0.003571 -0.866089 3036.dat
1 4 -103.890500 -229.412600 -10.427630 0.000147 -0.006183 -0.999980 -0.003570 0.999977 -0.006184 1.000000 0.003571 0.000126 3036.dat
1 71 -163.927000 -222.069500 69.608470 0.866083 -0.006183 -0.499862 0.003570 0.999976 -0.006184 0.499892 0.003571 0.866090 2429c01.dat copy
1 0 -196.272800 -221.641000 -106.368500 0.865935 -0.006183 0.500118 0.007140 0.999976 0.000000 -0.500109 0.003571 0.865964 32803.dat
1 0 -300.185100 -222.497900 -46.355220 0.865935 -0.006183 0.500118 0.007140 0.999976 0.000000 -0.500109 0.003571 0.865964 32803.dat
1 0 -300.174400 -222.754800 25.606360 -0.866082 -0.006183 0.499862 -0.003570 0.999976 0.006184 -0.499892 0.003571 -0.866089 32803.dat
1 0 -196.244500 -222.326300 85.593240 -0.866082 -0.006183 0.499862 -0.003570 0.999976 0.006184 -0.499892 0.003571 -0.866089 32803.dat
1 0 -133.930600 -221.812500 49.604570 0.000148 -0.006183 -0.999980 -0.003570 0.999976 -0.006184 1.000000 0.003571 0.000126 32803.dat
1 0 -133.948300 -221.384100 -70.395480 0.000148 -0.006183 -0.999980 -0.003570 0.999976 -0.006184 1.000000 0.003571 0.000126 32803.dat
1 0 -283.237300 -222.069500 -136.979200 -0.500118 -0.006183 0.865935 0.000000 0.999976 0.007140 -0.865964 0.003571 -0.500109 26599.dat
1 0 -283.199800 -222.973400 116.226000 0.499863 -0.006183 0.866082 0.006184 0.999976 0.003570 -0.866089 0.003571 0.499892 26599.dat
1 0 -63.940720 -221.165500 -10.404180 0.999980 -0.006183 0.000147 0.006184 0.999976 -0.003570 -0.000126 0.003571 1.000000 26599.dat
1 0 -263.984500 -212.069700 -103.500100 -0.500118 -0.005338 0.865940 0.000000 0.999983 0.006164 -0.865964 0.003083 -0.500112 3707.dat
1 0 -262.572500 -212.717800 80.414460 0.499863 -0.006183 0.866082 0.006184 0.999976 0.003570 -0.866089 0.003571 0.499892 3707.dat
1 0 -99.881810 -211.387500 -10.363900 0.999980 -0.006183 0.000147 0.006184 0.999976 -0.003570 -0.000126 0.003571 1.000000 3707.dat
1 15 -225.000100 -212.072500 -35.998180 -0.865941 -0.005243 -0.500118 -0.006054 0.999984 0.000000 0.500112 0.003028 -0.865964 59443.dat
1 15 -225.008400 -212.253900 15.973320 -0.866114 -0.005738 0.499813 -0.003056 0.999979 0.006183 -0.499840 0.003828 -0.866118 59443.dat
1 15 -179.880200 -211.885100 -10.353850 0.000145 -0.006183 -0.999980 -0.003174 0.999978 -0.006184 1.000001 0.003175 0.000126 59443.dat
1 71 -210.000000 -212.070100 -9.998099 0.000000 0.000000 1.000000 0.000000 1.000000 0.000000 -1.000000 0.000000 0.000000 57585.dat
1 321 -29.383230 -210.951600 -10.372760 0.000147 -0.999980 0.006183 -0.003570 -0.006184 -0.999976 1.000000 0.000126 -0.003571 32474.dat
1 5 -300.327100 -213.184800 145.830000 0.866082 0.499863 -0.006183 0.003570 0.006184 0.999976 0.499892 -0.866089 0.003571 32474.dat
1 191 -301.748400 -212.069600 -168.888700 -0.865941 0.500118 -0.005338 -0.006164 0.000000 0.999983 0.500112 0.865964 0.003083 32474.dat
1 0 -295.077000 -238.692500 16.888240 -0.499862 -0.006183 -0.866082 -0.006184 0.999976 -0.003570 0.866089 0.003571 -0.499892 3680.dat
1 71 -295.077000 -238.692500 16.888240 -0.965869 -0.006183 -0.258956 -0.006897 0.999976 0.001848 0.258940 0.003571 -0.965894 3679.dat
1 72 -284.011500 -254.282900 -78.791950 0.838734 -0.006183 -0.544506 0.003242 0.999976 -0.006362 0.544535 0.003571 0.838740 4070.dat
1 72 -280.806200 -244.244900 -83.788590 0.838734 -0.544506 0.006183 0.003242 -0.006362 -0.999976 0.544535 0.838740 -0.003571 54200.dat
1 72 -289.518300 -244.346700 -70.368920 -0.006183 -0.544506 0.838735 0.999976 -0.006362 0.003242 0.003571 0.838740 0.544535 85861.dat
1 72 -296.052200 -244.423100 -60.303860 0.544506 -0.838735 -0.006183 0.006362 -0.003242 0.999976 -0.838740 -0.544535 0.003571 13564.dat
1 297 -283.961900 -262.282700 -78.820460 -0.544506 -0.006183 -0.838734 -0.006362 0.999976 -0.003242 0.838740 0.003571 -0.544535 39262.dat
1 15 -294.829600 -278.691600 16.745400 -0.499862 -0.006183 -0.866082 -0.006184 0.999976 -0.003570 0.866089 0.003571 -0.499892 41823.dat
1 47 -83.738040 -253.395400 19.484020 -0.999980 -0.006183 -0.000147 -0.006184 0.999976 0.003568 0.000126 0.003569 -1.000000 3065.dat
1 212 -83.693160 -262.159500 -46.549430 -0.999979 0.000147 -0.006183 -0.006184 -0.003568 0.999976 0.000127 1.000001 0.003569 3626b.dat
1 212 -83.687120 -262.359600 9.450540 -0.999979 0.000146 -0.006183 -0.006185 -0.003570 0.999975 0.000127 0.999996 0.003569 3815c01.dat
1 0 -134.299000 -325.530800 -30.767140 0.000146 -0.006183 -0.999983 -0.003570 0.999976 -0.006184 1.000001 0.003571 0.000128 3626b.dat
1 10 -228.389600 -326.665400 124.027400 0.499863 -0.006183 0.866084 0.006184 0.999976 0.003570 -0.866088 0.003571 0.499893 3626b.dat
1 70 -292.153100 -334.707000 25.238390 -0.965868 -0.006183 -0.258956 -0.006897 0.999976 0.001848 0.258940 0.003571 -0.965893 3626b.dat
1 15 -198.073200 -316.585400 -95.006820 0.623753 -0.396154 0.673792 0.006648 0.864702 0.502245 -0.781601 -0.308798 0.541996 3626b.dat
1 15 -220.257700 -268.161700 -112.299600 0.623753 -0.396154 0.673792 0.006648 0.864702 0.502245 -0.781601 -0.308798 0.541996 3815c01.dat copy
1 70 -292.499000 -278.708200 25.438410 -0.965869 -0.006183 -0.258956 -0.006897 0.999976 0.001848 0.258940 0.003571 -0.965894 3815c01.dat
1 10 -228.735600 -270.666400 124.227300 0.499862 -0.006183 0.866082 0.006184 0.999976 0.003570 -0.866089 0.003571 0.499892 3815c01.dat
1 0 -134.645600 -269.531900 -30.566720 0.000147 -0.006183 -0.999981 -0.003570 0.999976 -0.006184 1.000000 0.003571 0.000126 3815c01.dat
1 15 -220.931900 -268.664100 -112.841900 0.623753 -0.396154 0.673792 0.006648 0.864702 0.502245 -0.781601 -0.308798 0.541996 24087.dat
1 0 -134.299000 -325.530800 -30.767140 0.000146 -0.006183 -0.999983 -0.003570 0.999976 -0.006184 1.000001 0.003571 0.000128 3878.dat
1 0 -81.614860 -324.604000 -6.899680 -0.028414 -0.487017 -0.872931 0.002940 0.873239 -0.487284 0.999592 -0.016412 -0.023381 87994.dat
1 5 -245.217000 -293.482200 90.613460 0.469939 0.056389 0.880896 0.041225 0.995466 -0.085716 -0.881736 0.076596 0.465484 32606.dat
1 15 -210.000000 -150.000100 -9.998110 0.000000 1.000000 0.000000 -1.000000 0.000000 0.000000 0.000000 0.000000 1.000000 65249.dat
1 0 -210.000000 -150.000100 -9.998119 1.000000 0.000000 0.000000 0.000000 0.000000 -1.000000 0.000000 1.000000 0.000000 32498.dat
1 1 -230.000000 -170.000100 -9.998119 0.000000 -1.000000 0.000000 -1.000000 0.000000 0.000000 0.000000 0.000000 -1.000000 6558.dat
1 1 -190.000000 -170.000100 -9.998119 0.000000 -1.000000 0.000000 -1.000000 0.000000 0.000000 0.000000 0.000000 -1.000000 6558.dat
1 0 -210.000000 -170.000100 -9.998119 1.000000 0.000000 0.000000 0.000000 0.000000 -1.000000 0.000000 1.000000 0.000000 98585.dat
1 0 -210.000000 -190.000100 -9.998110 1.000000 0.000000 0.000000 0.000000 0.000000 -1.000000 0.000000 1.000000 0.000000 98585.dat
1 14 -210.000000 -210.000100 -9.998099 0.000000 -1.000000 0.000000 -1.000000 0.000000 0.000000 0.000000 0.000000 -1.000000 4519.dat
1 15 -210.000000 -240.000100 -10.000950 1.000000 0.000000 0.000000 0.000000 0.000000 -1.000000 0.000000 1.000000 0.000000 59443.dat
1 4 -210.000000 -260.000100 -9.998099 0.000000 -1.000000 0.000000 -1.000000 0.000000 0.000000 0.000000 0.000000 -1.000000 32062.dat
1 15 -210.000000 -270.500100 -9.998099 1.000000 0.000000 0.000000 0.000000 1.000000 0.000000 0.000000 0.000000 1.000000 32474.dat
1 15 -207.580800 -295.832100 -102.418200 -0.623755 -0.396153 -0.673790 -0.006648 0.864701 -0.502244 0.781592 -0.308798 -0.541995 973.dat
1 15 -201.394700 -288.026600 -117.341700 0.681936 -0.717851 0.140190 -0.140191 0.059833 0.988315 -0.717851 -0.693621 -0.059834 3819.dat
1 15 -220.747600 -288.260100 -93.066360 0.546992 -0.822827 -0.154129 0.154130 -0.081979 0.984644 -0.822827 -0.562348 0.081980 3818.dat
1 15 -237.652000 -299.942500 -100.415700 0.654989 -0.589416 0.472841 0.045025 0.655081 0.754216 -0.754296 -0.472714 0.455609 3820.dat
1 15 -213.026100 -297.473900 -133.511400 0.686637 -0.400514 0.606727 -0.148796 0.739472 0.656536 -0.711610 -0.541081 0.448155 3820.dat
1 70 -292.301100 -310.707400 25.324180 0.965870 -0.006183 0.258955 0.006897 0.999975 -0.001848 -0.258937 0.003571 0.965888 973.dat
1 70 -277.412300 -301.725200 21.349650 -0.952754 0.301041 -0.040435 0.163871 0.621526 0.766063 0.255748 0.723243 -0.641493 3818.dat
1 70 -307.399200 -301.907800 29.388820 -0.950811 0.078782 -0.299588 -0.176496 0.657015 0.732926 0.254575 0.749750 -0.610792 3819.dat
1 70 -266.544600 -298.013200 39.906710 -0.970330 0.012559 -0.241460 -0.012559 0.994684 0.102203 0.241460 0.102203 -0.965014 3820.dat
1 70 -307.660600 -297.636300 51.014880 -0.963545 0.000259 -0.267548 -0.014636 0.998451 0.053677 0.267147 0.055637 -0.962049 3820.dat
1 10 -228.537800 -302.665600 124.112900 -0.499866 -0.006183 -0.866081 -0.006184 0.999975 -0.003570 0.866081 0.003571 -0.499891 973.dat
1 10 -236.326500 -293.885800 137.544500 0.491476 -0.046888 0.869628 0.176759 0.983137 -0.046888 -0.852765 0.176759 0.491476 3818.dat
1 10 -220.807700 -293.662400 110.655900 0.493664 -0.657891 0.568749 -0.163605 0.572061 0.803729 -0.854125 -0.489822 0.174772 3819.dat
1 10 -236.526700 -291.648600 95.330920 0.469939 -0.163814 0.867365 0.041225 0.985629 0.163814 -0.881736 -0.041225 0.469939 3820.dat
1 10 -247.936200 -275.644600 140.497700 -0.741483 0.173787 0.648075 -0.670117 -0.143066 -0.728338 -0.033858 -0.974336 0.222538 3820.dat
1 0 -134.449400 -301.531100 -30.681080 -0.000011 -0.006183 0.999981 0.003571 0.999975 0.006183 -0.999994 0.003571 0.000011 973.dat
1 0 -134.504400 -292.679800 -15.074750 0.001060 0.499623 -0.866242 -0.173218 0.853240 0.491912 0.984883 0.149527 0.087448 3819.dat
1 0 -134.504500 -292.600400 -46.121080 -0.001044 0.444291 -0.895883 0.167148 0.883357 0.437884 0.985931 -0.149288 -0.075185 3818.dat
1 0 -116.343800 -282.253400 -8.183800 -0.043896 -0.255498 -0.965813 -0.005705 0.966793 -0.255498 0.999020 -0.005705 -0.043896 3820.dat
1 0 -117.546800 -280.812300 -53.172950 -0.030047 -0.317909 -0.947646 0.251325 0.915212 -0.314997 0.967437 -0.247632 0.052399 3820.dat
1 212 -83.691800 -262.245400 -22.549300 0.999981 0.000145 0.006183 0.006184 -0.003569 -0.999975 -0.000123 0.999994 -0.003569 973.dat
1 212 -99.264820 -262.373600 -13.640260 -0.985501 -0.169581 -0.005488 -0.005488 -0.000469 0.999985 -0.169581 0.985516 -0.000469 3819.dat
1 212 -68.219010 -262.181400 -13.675580 -0.985285 0.170791 -0.006702 -0.006702 0.000576 0.999978 0.170791 0.985307 0.000576 3818.dat
1 212 -59.983880 -271.636700 4.185820 -0.990771 -0.051206 -0.125507 -0.125507 0.696310 0.706683 0.051206 0.715913 -0.696310 3820.dat
1 212 -107.359500 -272.409800 4.241340 -0.991922 -0.051266 0.116031 0.046301 0.705268 0.707428 -0.118099 0.707085 -0.697197 3820.dat
1 0 -10.000200 -130.000100 50.001920 -1.000000 0.000000 0.000000 0.000000 0.000000 1.000000 0.000000 1.000000 0.000000 33299.dat
0 NOFILE
0 FILE 2429c01.dat Copy
0 Hinge Plate 1 x 4 Swivel (2429 / 2430)
0 Name:  2429c01
0 Author:  Chris Dee [cwdee]
0 FlexibleBrick:  2429c01.dat
0 FlexibleBrickControlPointUnitLength -1
1 16 0.000000 0.000000 0.000000 1.000000 0.000000 0.000000 0.000000 1.000000 0.000000 0.000000 0.000000 1.000000 2429.dat
1 16 0.000000 0.000000 0.000000 -0.500000 0.000000 0.866025 0.000000 1.000000 0.000000 -0.866025 0.000000 -0.500000 2430.dat
0 NOFILE
0 FILE 3815c01.dat Copy
0 Hips  and Legs Plain
0 Name:  970c00
0 Author:  Steve Bliss [sbliss]
0 FlexibleBrick:  3815c01.dat
0 FlexibleBrickControlPointUnitLength -1
1 16 0.000000 0.000000 0.000000 1.000000 0.000000 0.000000 0.000000 1.000000 0.000000 0.000000 0.000000 1.000000 3815.dat
1 16 0.000000 12.000000 0.000000 1.000000 0.000000 0.000000 0.000000 0.866026 -0.500000 0.000000 0.500000 0.866026 3816.dat
1 16 0.000000 12.000000 0.000000 1.000000 0.000000 0.000000 0.000000 0.819152 0.573577 0.000000 -0.573577 0.819152 3817.dat
0 NOFILE
