0 Untitled Model
0 Name:  Statue
0 Author: 
0 CustomBrick
0 FlexibleBrickControlPointUnitLength -1
0 NumOfBricks:  129
1 15 -1.0483 -9 19.4428 0 -0.012216 -0.999925 -1 0 0 0 0.999925 -0.012217 32525.dat
1 1 -100.7965 -9 -1.7773 0.012216 0 0.999925 0 1 0 -0.999925 0 0.012216 6558.dat
1 1 99.1886 -9 0.666 0.012217 0 0.999925 0 1 0 -0.999925 0 0.012217 6558.dat
1 0 -21.1689 -9 29.1978 -0.012216 0 -0.999925 0 1 0 0.999925 0 -0.012216 2780.dat
1 0 18.8281 -9 29.6864 -0.012216 0 -0.999925 0 1 0 0.999925 0 -0.012216 2780.dat
1 15 -0.8039 -69 -0.5577 0 -0.012216 -0.999925 -1 0 0 0 0.999925 -0.012216 39794.dat
1 1 -20.5581 -9 -20.7985 0.012217 0 0.999925 0 1 0 -0.999925 0 0.012217 6558.dat
1 1 19.4389 -9 -20.3099 0.012217 0 0.999925 0 1 0 -0.999925 0 0.012217 6558.dat
1 15 -0.5596 -9 -20.5541 0 -0.012217 -0.999925 -1 0 0 0 0.999925 -0.012217 32525.dat
1 15 -0.071 -9 -60.5512 -0.012216 0 -0.999925 0 1 0 0.999925 0 -0.012216 39793.dat
1 71 0.1734 -19 -80.5497 0 -0.012216 -0.999925 -1 0 0 0 0.999925 -0.012216 3673.dat
1 0 -80.798 -29 -1.533 0.012217 0 0.999925 0 1 0 -0.999925 0 0.012217 32526.dat
1 71 -80.7979 -29 -1.535 0 0.012216 -0.999925 1 0 0 0 -0.999925 -0.012216 32054.dat
1 71 -0.3153 -29 -40.5527 0 0.012216 -0.999925 1 0 0 0 -0.999925 -0.012216 32054.dat
1 72 -0.804 -59 -0.5557 0 0.698417 0.715691 1 0 0 0 0.715691 -0.698417 87083.dat
1 0 -0.804 -49 -0.5557 0.583542 -0.812083 0 0 0 1 -0.812083 -0.583542 0 98585.dat
1 0 10.6675 -59 -16.9388 0 0 -1 -1 0 0 0 1 0 2780.dat
1 0 31.6794 -29 22.786 0 0.583542 0.812083 -1 0 0 0 -0.812083 0.583542 32039.dat
1 4 15.4377 -39 11.1151 0 0.583542 -0.812083 1 0 0 0 -0.812083 -0.583542 32062.dat
1 0 22.139 -69 -33.3218 0.819152 0 -0.573576 0 1 0 0.573576 0 0.819152 32316.dat
1 71 45.0821 -59 -66.0879 0 0.185667 -0.982613 -1 0 0 0 0.982612 0.185667 3673.dat
1 0 5.1369 -49 -63.9944 -0.052337 0 0.99863 0 1 0 -0.99863 0 -0.052337 32316.dat
1 19 -34.8082 -49 -61.9009 0 0.99863 -0.052337 1 0 0 0 -0.052337 -0.99863 32556.dat
1 25 -88.6883 -29 -34.6847 0.45865 0 -0.888617 0 1 0 0.888617 0 0.45865 32525.dat
1 25 -159.7777 -49 2.0074 0.45865 0 -0.888617 0 1 0 0.888617 0 0.45865 32523.dat
1 1 -177.55 -29 11.1804 0 -0.012216 -0.999925 -1 0 0 0 0.999925 -0.012216 6558.dat
1 1 -142.0053 -29 -7.1657 0 -0.012216 -0.999925 -1 0 0 0 0.999925 -0.012216 6558.dat
1 25 -159.7777 -9 2.0073 0.45865 0 -0.888617 0 1 0 0.888617 0 0.45865 32523.dat
1 0 -34.8082 -69 -61.9009 1 0 0 0 1 0 0 0 1 18654.dat
1 15 -1.5369 -9 59.4398 -0.012216 0 -0.999926 0 1 0 0.999926 0 -0.012216 39793.dat
1 71 64.1627 -29 46.1276 0.812083 0 -0.583542 0 1 0 0.583542 0 0.812083 32073.dat
1 71 112.8877 -29 81.1401 0 0.583542 0.812083 -1 0 0 0 -0.812083 0.583542 32014.dat
1 4 95.3814 -29 105.5026 -0.583542 0 -0.812083 0 1 0 0.812083 0 -0.583542 32062.dat
1 4 82.6685 -29 159.4522 0.161602 0 -0.986856 0 1 0 0.986856 0 0.161602 32062.dat
1 0 77.8192 -29 129.8388 0 -0.986856 -0.161602 -1 0 0 0 0.161602 -0.986856 32192.dat
1 0 64.5474 -29 172.5528 -0.161602 -0.986856 0 0 0 1 -0.986856 0.161602 0 42003.dat
1 4 64.5474 -39 172.5528 0 0 1 -1 0 0 0 -1 0 89678.dat
1 4 44.8103 -39 175.7849 0 0 1 -1 0 0 0 -1 0 89678.dat
1 0 -0.802 -99 -0.5537 0.715692 -0.698416 0 0 0 1 -0.698416 -0.715692 0 59443.dat
1 14 19.1945 -129 -0.3113 -0.012216 0 -0.999925 0 1 0 0.999925 0 -0.012216 4519.dat
1 14 -20.8025 -129 -0.8 -0.012216 0 -0.999925 0 1 0 0.999925 0 -0.012216 4519.dat
1 15 -0.5596 -129 -20.5542 0.012216 -0.999926 0 0 0 1 -0.999926 -0.012216 0 32184.dat
1 15 -1.0483 -129 19.4428 0.012216 -0.999926 0 0 0 1 -0.999926 -0.012216 0 32184.dat
1 4 -1.0483 -139 19.4428 0 0 1 -1 0 0 0 -1 0 89678.dat
1 4 -0.5597 -139 -20.5542 0 0 1 -1 0 0 0 -1 0 89678.dat
1 15 -1.0483 -147 -0.5572 1 0 0 0 1 0 0 0 1 60474.dat
1 72 -1.0483 -155 -30.5572 1 0 0 0 1 0 0 0 1 14417.dat
1 72 28.9517 -155 -0.5572 0 0 -1 0 1 0 1 0 0 14417.dat
1 72 -31.0483 -155 -0.5572 0 0 1 0 1 0 -1 0 0 14417.dat
1 72 -1.0483 -155 29.4428 -1 0 0 0 1 0 0 0 -1 14417.dat
1 15 -1.0483 -163 -0.5572 1 0 0 0 1 0 0 0 1 61485.dat
1 71 -0.8039 -154.36 -0.5577 0 0.698415 -0.715693 1 0 0 0 -0.715693 -0.698416 32073.dat
1 15 -1.0483 -171.0003 -0.5572 0.707106 0 -0.707107 0 1 0 0.707107 0 0.707106 60474.dat
1 15 -1.0483 -195.0003 -0.5572 0.707106 0 -0.707108 0 1 0 0.707108 0 0.707106 6222.dat
1 15 -1.0483 -203.0003 -0.5572 0.707106 0 -0.707107 0 1 0 0.707107 0 0.707106 60474.dat
1 15 -8.1194 -211.0003 -21.7704 -0.707105 0 0.707106 0 1 0 -0.707106 0 -0.707106 11458.dat
1 15 20.1649 -211.0003 -7.6282 0.707106 0 0.707105 0 1 0 -0.707106 0 0.707106 11458.dat
1 15 6.0227 -211.0003 20.656 0.707105 0 -0.707106 0 1 0 0.707106 0 0.707106 11458.dat
1 15 -22.2615 -211.0003 6.5139 -0.707106 0 -0.707105 0 1 0 0.707106 0 -0.707106 11458.dat
1 15 -1.0483 -219.0003 -0.5572 0.707105 0 -0.707106 0 1 0 0.707106 0 0.707106 3022.dat
1 1 6.0227 -227.0003 -7.6282 0.707105 0 -0.707106 0 1 0 0.707106 0 0.707106 15573.dat
1 1 -8.1194 -227.0003 6.5139 0.707105 0 -0.707106 0 1 0 0.707106 0 0.707106 15573.dat
1 1 13.0939 -217.0003 -28.8414 -0.579229 -0.707105 0.40558 -0.573576 0 -0.819152 0.579227 -0.707107 -0.40558 6629.dat
1 1 44.8503 -336.9296 -60.598 0.707105 0.579229 -0.405579 0 0.573576 0.819152 0.707107 -0.579227 0.40558 6558.dat
1 15 40.4497 -355.9366 -56.1973 -0.707105 0.220036 0.672001 0 0.950352 -0.311176 -0.707107 -0.220034 -0.672 65249.dat
1 1 37.4286 -266.1494 -53.1762 0.707105 0.579229 -0.405579 0 0.573576 0.819152 0.707107 -0.579227 0.40558 6558.dat
1 19 20.1649 -217.0003 -21.7703 -0.707106 0.579228 0.40558 0 0.573576 -0.819152 -0.707107 -0.579227 -0.40558 3749.dat
1 0 22.246 -249.7664 -52.1356 0.707105 0.579229 -0.405579 0 0.573576 0.819152 0.707107 -0.579227 0.40558 6628.dat
1 1 68.8053 -299.4142 -56.2687 -0.663188 -0.707105 -0.245322 0.346935 0 -0.937889 0.663187 -0.707107 0.24532 11946.dat
1 1 36.3957 -297.7467 -80.4275 0.692665 0.707105 -0.142185 -0.201078 0 -0.979575 -0.692664 0.707107 0.142183 11947.dat
1 2 54.5672 -259.5894 -98.599 -0.405579 0.579229 -0.707105 0.819152 0.573576 0 0.40558 -0.579227 -0.707107 2403.dat
1 1 68.7094 -259.5894 -84.4569 0.707105 0.579229 -0.405579 0 0.573576 0.819152 0.707107 -0.579227 0.40558 6558.dat
1 27 62.9171 -265.3252 -78.6646 -0.40558 -0.707105 -0.579229 0.819152 0 -0.573576 0.40558 -0.707107 0.579227 43857.dat
1 2 82.8515 -259.5893 -70.3148 0.405579 0.579229 0.707105 -0.819152 0.573576 0 -0.40558 -0.579227 0.707107 2395.dat
1 1 27.2361 -217.0004 13.5847 -0.579227 0.707102 0.40558 -0.573575 0 -0.819151 -0.579228 -0.707103 0.405576 6629.dat
1 1 58.9926 -336.9294 45.3411 -0.707103 0.579228 -0.40558 0 0.573576 0.819151 0.707104 0.579228 -0.405576 6558.dat
1 15 54.592 -355.9364 40.9403 0.707103 0.220035 0.672001 0 0.950352 -0.311175 -0.707104 0.220037 0.671998 65249.dat
1 1 51.5708 -266.1494 37.9194 -0.707103 0.579228 -0.40558 0 0.573576 0.819151 0.707104 0.579228 -0.405576 6558.dat
1 19 20.1648 -217.0003 20.656 0.707107 0.579228 0.40558 0 0.573576 -0.819152 -0.707107 0.579228 0.405579 3749.dat
1 0 50.5302 -249.7664 22.7369 -0.707103 0.579228 -0.40558 0 0.573576 0.819151 0.707104 0.579228 -0.405576 6628.dat
1 1 54.6633 -299.4139 69.296 -0.663188 0.707103 -0.245321 0.346934 0 -0.937888 -0.663185 -0.707104 -0.245323 11946.dat
1 1 78.822 -297.7466 36.8863 0.692664 -0.707103 -0.142183 -0.201076 0 -0.979574 0.692661 0.707104 -0.142186 11947.dat
1 2 96.9936 -259.5893 55.058 -0.40558 0.579228 0.707103 0.819151 0.573576 0 -0.405576 0.579228 -0.707104 2403.dat
1 1 82.8515 -259.5893 69.2001 -0.707103 0.579228 -0.40558 0 0.573576 0.819151 0.707104 0.579228 -0.405576 6558.dat
1 27 77.0592 -265.325 63.4078 -0.40558 0.707103 -0.579228 0.819151 0 -0.573576 -0.405577 -0.707104 -0.579228 43857.dat
1 2 68.7095 -259.5893 83.3422 0.40558 0.579228 -0.707103 -0.819151 0.573576 0 0.405577 0.579228 0.707104 2395.dat
1 1 -29.3326 -217.0001 -14.6995 0.579228 -0.707103 -0.40558 -0.573576 0 -0.81915 0.579228 0.707103 -0.405576 6629.dat
1 1 -61.0892 -336.929 -46.4555 0.707103 -0.579228 0.405581 0 0.573576 0.81915 -0.707103 -0.579228 0.405576 6558.dat
1 15 -56.6885 -355.9361 -42.0548 -0.707102 -0.220034 -0.672001 0 0.950351 -0.311174 0.707103 -0.220038 -0.671997 65249.dat
1 1 -53.6674 -266.149 -39.034 0.707103 -0.579228 0.405581 0 0.573576 0.81915 -0.707103 -0.579228 0.405576 6558.dat
1 19 -22.2615 -217.0003 -21.7704 -0.707107 -0.579228 -0.40558 0 0.573576 -0.819152 0.707107 -0.579228 -0.405579 3749.dat
1 0 -52.6268 -249.7661 -23.8515 0.707103 -0.579228 0.405581 0 0.573576 0.81915 -0.707103 -0.579228 0.405576 6628.dat
1 1 -56.76 -299.4136 -70.4105 0.663188 -0.707102 0.24532 0.346934 0 -0.937888 0.663184 0.707103 0.245323 11946.dat
1 1 -80.9186 -297.7462 -38.001 -0.692665 0.707103 0.142183 -0.201076 0 -0.979574 -0.692661 -0.707103 0.142187 11947.dat
1 2 -99.0903 -259.5889 -56.1727 0.405581 -0.579228 -0.707102 0.81915 0.573576 0 0.405576 -0.579228 0.707103 2403.dat
1 1 -84.9482 -259.5889 -70.3148 0.707103 -0.579228 0.405581 0 0.573576 0.81915 -0.707103 -0.579228 0.405576 6558.dat
1 27 -79.156 -265.3246 -64.5225 0.40558 -0.707103 0.579229 0.81915 0 -0.573576 0.405576 0.707103 0.579228 43857.dat
1 2 -70.8063 -259.5889 -84.4569 -0.40558 -0.579228 0.707103 -0.81915 0.573576 0 -0.405576 -0.579228 -0.707103 2395.dat
1 1 -15.1902 -217.0003 27.7274 0.579226 0.707101 -0.40558 -0.573573 0 -0.819152 -0.579225 0.707102 0.405578 6629.dat
1 1 -46.9471 -336.9297 59.4833 -0.707105 -0.579229 0.40558 0 0.573576 0.819152 -0.707105 0.579228 -0.405578 6558.dat
1 15 -42.5465 -355.9366 55.0826 0.707105 -0.220036 -0.672001 0 0.950353 -0.311176 0.707105 0.220037 0.671999 65249.dat
1 1 -39.5252 -266.1495 52.0618 -0.707105 -0.579229 0.40558 0 0.573576 0.819152 -0.707105 0.579228 -0.405578 6558.dat
1 19 -22.2615 -217.0003 20.656 0.707106 -0.579229 -0.40558 0 0.573576 -0.819153 0.707107 0.579228 0.405579 3749.dat
1 0 -24.3425 -249.7664 51.0213 -0.707105 -0.579229 0.40558 0 0.573576 0.819152 -0.707105 0.579228 -0.405578 6628.dat
1 1 -70.902 -299.4141 55.1541 0.663188 0.707105 0.245322 0.346936 0 -0.937889 -0.663186 0.707105 -0.245323 11946.dat
1 1 -38.4922 -297.7466 79.3128 -0.692665 -0.707105 0.142183 -0.201079 0 -0.979574 0.692663 -0.707106 -0.142185 11947.dat
1 2 -56.6639 -259.5893 97.4845 0.40558 -0.579229 0.707105 0.819152 0.573576 0 -0.405578 0.579228 0.707105 2403.dat
1 1 -70.8061 -259.5894 83.3423 -0.707105 -0.579229 0.40558 0 0.573576 0.819152 -0.707105 0.579228 -0.405578 6558.dat
1 27 -65.0138 -265.3251 77.55 0.40558 0.707105 0.579229 0.819152 0 -0.573576 -0.405578 0.707106 -0.579228 43857.dat
1 2 -84.9481 -259.5894 69.2003 -0.40558 -0.579229 -0.707104 -0.819152 0.573576 0 0.405578 0.579228 -0.707105 2395.dat
1 72 -17.1288 -249.3793 57.3769 0.841985 -0.514979 0.160805 -0.178679 0.015055 0.983793 -0.509053 -0.857071 -0.07934 2739a.dat
1 72 -57.4051 -249.3125 -17.7105 0.57259 0.817375 0.063568 -0.176705 0.047327 0.983125 0.800573 -0.574161 0.171534 2739a.dat
1 72 15.1787 -249.4385 -57.3807 0.947291 -0.276345 -0.162093 0.174583 0.021038 0.984418 -0.268629 -0.960829 0.068174 2739a.dat
1 72 55.8062 -249.5416 15.0179 0.593445 0.801952 -0.068545 0.165769 -0.038442 0.985416 0.78762 -0.596153 -0.155751 2739a.dat
1 1 -1.7555 -267.0003 -1.2643 -0.707107 0 -0.707107 0 1 0 0.707107 0 -0.707107 3815c01.dat
1 1 -1.7555 -299.0003 -1.2643 0.707107 0 0.707107 0 1 0 -0.707107 0 0.707107 973.dat
1 1 -1.7555 -323.0003 -1.2643 1 0 0 0 1 0 0 0 1 3626b.dat
1 1 -12.7684 -290.0931 9.7486 -0.69685 -0.119998 -0.707107 -0.169703 0.985495 0 0.696851 0.119998 -0.707107 3819.dat
1 1 9.1848 -290.1246 -12.2045 -0.696732 0.596342 -0.398675 0.170671 0.677624 0.71533 0.696733 0.430352 -0.5739 3818.dat
1 1 27.7863 -284.8987 -2.0594 -0.710529 0.01097 -0.703583 -0.01097 0.999584 0.026662 0.703583 0.026662 -0.710113 3820.dat
1 1 -11.4615 -272.2173 22.584 -0.760787 -0.498854 -0.415149 -0.086585 0.711971 -0.696851 0.6432 -0.494209 -0.584852 3820.dat
1 4 54.5474 -79 173.5528 1 0 0 0 1 0 0 0 1 3815c01.dat
1 4 54.5474 -111 173.5528 1 0 0 0 1 0 0 0 1 973.dat
1 4 54.5474 -135 173.5528 1 0 0 0 1 0 0 0 1 3626b.dat
1 4 70.0192 -102.1243 173.5528 0.985328 0.120682 0.120683 -0.170671 0.696732 0.696732 0 -0.707107 0.707107 3819.dat
1 4 38.9728 -102.0928 173.5528 0.985495 -0.119998 -0.119998 0.169703 0.69685 0.69685 0 -0.707107 0.707107 3818.dat
1 4 76.032 -96.7071 153.0467 1.000001 0 0 0 0.999999 0 0 0 1 3820.dat
1 4 32.9053 -96.3213 153.4003 1 0 0 0 1 0 0 0 1 3820.dat
0 !LEOCAD PIECE PIVOT  0 0 0 1 0 0 0 1 0 0 0 1
1 7 36.6502 -100 134.2791 0 -1 0 1 0 0 0 0 1 3069bp0t.dat
