0 Constraction Disc  5 x  5 Projectile with Bionicle Kanoka 287 Ga-Metru Pattern
0 Name: 32533p287.dat
0 Author: Max Murtazin [SwampKryakwa]
0 !LDRAW_ORG Part UPDATE 2025-05
0 !LICENSE Licensed under CC BY 4.0 : see CAreadme.txt

0 BFC CERTIFY CCW

0 !KEYWORDS Bricklink 32171pb081, frisbee, Rebrickable 32533pr0287, Set 8613
0 !KEYWORDS Weapon

0 !HISTORY 2025-05-28 [OrionP] Official Update 2025-05


1 16 0 0 0 1 0 0 0 1 0 0 0 1 s\32533s01.dat
1 16 0 0 0 -1 0 0 0 1 0 0 0 1 s\32533s01.dat
1 16 0 0 0 -0.5 0 -0.866025 0 1 0 0.866025 0 -0.5 s\32533s01.dat
1 16 0 0 0 0.5 0 -0.866025 0 1 0 -0.866025 0 -0.5 s\32533s01.dat
1 16 0 0 0 -0.5 0 0.866025 0 1 0 -0.866025 0 -0.5 s\32533s01.dat
1 16 0 0 0 0.5 0 0.866025 0 1 0 0.866025 0 -0.5 s\32533s01.dat

0 !TEXMAP START PLANAR -36.1299 0 36.1299 36.1299 0 36.1299 -36.1299 0 -36.1299 32533p287.png
0 !: 1 16 0 0 0 1 0 0 0 1 0 0 0 1 s\32533s02.dat
0 !: 1 16 0 0 0 -1 0 0 0 1 0 0 0 1 s\32533s02.dat
0 !: 1 16 0 0 0 -0.5 0 -0.866025 0 1 0 0.866025 0 -0.5 s\32533s02.dat
0 !: 1 16 0 0 0 0.5 0 -0.866025 0 1 0 -0.866025 0 -0.5 s\32533s02.dat
0 !: 1 16 0 0 0 -0.5 0 0.866025 0 1 0 -0.866025 0 -0.5 s\32533s02.dat
0 !: 1 16 0 0 0 0.5 0 0.866025 0 1 0 0.866025 0 -0.5 s\32533s02.dat
0 !TEXMAP FALLBACK
1 16 0 0 0 1 0 0 0 1 0 0 0 1 s\32533s02.dat
1 16 0 0 0 -1 0 0 0 1 0 0 0 1 s\32533s02.dat
1 16 0 0 0 -0.5 0 -0.866025 0 1 0 0.866025 0 -0.5 s\32533s02.dat
1 16 0 0 0 0.5 0 -0.866025 0 1 0 -0.866025 0 -0.5 s\32533s02.dat
1 16 0 0 0 -0.5 0 0.866025 0 1 0 -0.866025 0 -0.5 s\32533s02.dat
1 16 0 0 0 0.5 0 0.866025 0 1 0 0.866025 0 -0.5 s\32533s02.dat
0 !TEXMAP END
