0 Minifig Torso with Arms and Hands with SW Scout Trooper Grey Pattern
0 Name: 76382pse.dat
0 Author: Chris Böhnke [KnightOfTarenta]
0 !LDRAW_ORG Shortcut UPDATE 2025-02
0 !LICENSE Licensed under CC BY 4.0 : see CAreadme.txt

0 BFC CERTIFY CCW

0 !KEYWORDS Bricklink 973psec01, Endor, Episode VI, Galactic Empire
0 !KEYWORDS Imperial Biker Scout, Mini Upper Part No 374
0 !KEYWORDS Rebrickable 973c27h03pr0002, Return of the Jedi, Set 3342, set 7128
0 !KEYWORDS set 7139, Speeder Bikes, Star Wars

0 !HISTORY 2025-02-27 [OrionP] Official Update 2025-02

1 16 0 0 0 1 0 0 0 1 0 0 0 1 973pse.dat
1 16 -15.552 9 0 0.985 -0.17 0 0.17 0.985 0 0 0 1 3818.dat
1 16 15.552 9 0 0.985 0.17 0 -0.17 0.985 0 0 0 1 3819.dat
1 0 -23.69 26.774 -9.898 0.985 -0.12 0.12 0.17 0.696 -0.696 0 0.707 0.707 3820.dat
1 0 23.69 26.774 -9.898 0.985 0.12 -0.12 -0.17 0.696 -0.696 0 0.707 0.707 3820.dat
