0 Minifig Torso with Arms and Hands with Windsurfboard Pattern
0 Name: 76382p2d.dat
0 Author: Evert-Jan Boer [ejboer]
0 !LDRAW_ORG Shortcut UPDATE 2025-01
0 !LICENSE Licensed under CC BY 4.0 : see CAreadme.txt

0 BFC CERTIFY CCW

0 !KEYWORDS Bricklink 973px126c01, Rebrickable 973c01h01pr1204, Set 1791
0 !KEYWORDS Set 1796, Set 1815, Set 4151, Set 6334, Set 6410, Set 6414, Set 6418
0 !KEYWORDS Set 6489, Set 6547, set 6597, set 9453

0 !HISTORY 2025-01-20 [OrionP] Official Update 2025-01

1 16 0 0 0 1 0 0 0 1 0 0 0 1 973p2d.dat
1 14 -15.552 9 0 0.985 -0.17 0 0.17 0.985 0 0 0 1 3818.dat
1 14 15.552 9 0 0.985 0.17 0 -0.17 0.985 0 0 0 1 3819.dat
1 14 -23.69 26.774 -9.898 0.985 -0.12 0.12 0.17 0.696 -0.696 0 0.707 0.707 3820.dat
1 14 23.69 26.774 -9.898 0.985 0.12 -0.12 -0.17 0.696 -0.696 0 0.707 0.707 3820.dat
