0 Minifig Torso with Arms and Hands with RES-Q Orange Pockets and Logo Pattern
0 Name: 76382p8b.dat
0 Author: Chris Böhnke [KnightOfTarenta]
0 !LDRAW_ORG Shortcut UPDATE 2025-02
0 !LICENSE Licensed under CC BY 4.0 : see CAreadme.txt

0 BFC CERTIFY CCW

0 !KEYWORDS back logo, Bricklink 973p8bc01, Emergency, medic
0 !KEYWORDS Mini Upper Part No 299, Rebrickable 973c27h03pr0008, rescue
0 !KEYWORDS Set 1097, Set 6415, Set 6428, Set 6445, set 6451, Set 6462, Set 6473
0 !KEYWORDS Set 6479, Sierpinski Triangle, town, X-Treme Team

0 !HISTORY 2025-02-27 [OrionP] Official Update 2025-02

1 16 0 0 0 1 0 0 0 1 0 0 0 1 973p8b.dat
1 16 -15.552 9 0 0.985 -0.17 0 0.17 0.985 0 0 0 1 3818.dat
1 16 15.552 9 0 0.985 0.17 0 -0.17 0.985 0 0 0 1 3819.dat
1 0 -23.69 26.774 -9.898 0.985 -0.12 0.12 0.17 0.696 -0.696 0 0.707 0.707 3820.dat
1 0 23.69 26.774 -9.898 0.985 0.12 -0.12 -0.17 0.696 -0.696 0 0.707 0.707 3820.dat
