0 Minifig Torso with Arms and Hands with SW Rebel A-Wing Pilot Pattern
0 Name: 76382ps0.dat
0 Author: Chris Böhnke [KnightOfTarenta]
0 !LDRAW_ORG Shortcut UPDATE 2025-02
0 !LICENSE Licensed under CC BY 4.0 : see CAreadme.txt

0 BFC CERTIFY CCW

0 !KEYWORDS Bricklink 973ps0c01, Episode VI, flight suit, Military
0 !KEYWORDS Mini Upper Part No 1235, Mini Upper Part No 397, Original Trilogy
0 !KEYWORDS Rebel Alliance, Rebrickable 973c31h03pr1526, Return of the Jedi
0 !KEYWORDS Set 6207, Set 7134, Set 7754, Star Wars, Uniform

0 !HISTORY 2025-02-27 [OrionP] Official Update 2025-02

1 16 0 0 0 1 0 0 0 1 0 0 0 1 973ps0.dat
1 16 -15.552 9 0 0.985 -0.17 0 0.17 0.985 0 0 0 1 3818.dat
1 16 15.552 9 0 0.985 0.17 0 -0.17 0.985 0 0 0 1 3819.dat
1 0 -23.69 26.774 -9.898 0.985 -0.12 0.12 0.17 0.696 -0.696 0 0.707 0.707 3820.dat
1 0 23.69 26.774 -9.898 0.985 0.12 -0.12 -0.17 0.696 -0.696 0 0.707 0.707 3820.dat
