0 Minifig Torso with Arms and Hands with Red Vest and Train Logo Pattern
0 Name: 76382p82.dat
0 Author: Chris Böhnke [KnightOfTarenta]
0 !LDRAW_ORG Shortcut UPDATE 2025-02
0 !LICENSE Licensed under CC BY 4.0 : see CAreadme.txt

0 BFC CERTIFY CCW

0 !KEYWORDS 9V, Bricklink 973px8c01, dacta, Jacket, Maintenance
0 !KEYWORDS Mini Upper Part No 189, Mini Upper Part No 190, Railroad
0 !KEYWORDS Rebrickable 973c28h01pr0008, Set 10020, set 2126, Set 2150, Set 3225
0 !KEYWORDS Set 4533, Set 4541, Set 4552, Set 4553, Set 4555, Set 4557, Set 4559
0 !KEYWORDS Set 4560, Set 4561, Set 4565, set 9293, Trains, worker

0 !HISTORY 2025-02-27 [OrionP] Official Update 2025-02

1 16 0 0 0 1 0 0 0 1 0 0 0 1 973p82.dat
1 16 -15.552 9 0 0.985 -0.17 0 0.17 0.985 0 0 0 1 3818.dat
1 16 15.552 9 0 0.985 0.17 0 -0.17 0.985 0 0 0 1 3819.dat
1 14 -23.69 26.774 -9.898 0.985 -0.12 0.12 0.17 0.696 -0.696 0 0.707 0.707 3820.dat
1 14 23.69 26.774 -9.898 0.985 0.12 -0.12 -0.17 0.696 -0.696 0 0.707 0.707 3820.dat
