0 Minifig Torso with Arms and Hands with Brown Vest, Buckle and String Bowtie Pattern
0 Name: 76382pw9.dat
0 Author: Chris Böhnke [KnightOfTarenta]
0 !LDRAW_ORG Shortcut UPDATE 2025-01
0 !LICENSE Licensed under CC BY 4.0 : see CAreadme.txt

0 BFC CERTIFY CCW

0 !KEYWORDS billy the kid, Bricklink 973px162c01, cowboy, deputy, desperado
0 !KEYWORDS doc holliday, Dodge City, general store, Grocer Gregory
0 !KEYWORDS Legoredo City, Rebrickable 973c28h01pr0162, set 6765
0 !KEYWORDS spaghetti western, Star, tombstone, western, wild west, Winnetou
0 !KEYWORDS Wyatt Earp

0 !HISTORY 2025-01-20 [OrionP] Official Update 2025-01

1 16 0 0 0 1 0 0 0 1 0 0 0 1 973pw9.dat
1 16 -15.552 9 0 0.985 -0.17 0 0.17 0.985 0 0 0 1 3818.dat
1 16 15.552 9 0 0.985 0.17 0 -0.17 0.985 0 0 0 1 3819.dat
1 14 -23.69 26.774 -9.898 0.985 -0.12 0.12 0.17 0.696 -0.696 0 0.707 0.707 3820.dat
1 14 23.69 26.774 -9.898 0.985 0.12 -0.12 -0.17 0.696 -0.696 0 0.707 0.707 3820.dat
