0 Minifig Torso with Arms and Hands with Classic Space Simulated Wear Pattern
0 Name: 76382p91.dat
0 Author: Chris Böhnke [KnightOfTarenta]
0 !LDRAW_ORG Shortcut UPDATE 2025-02
0 !LICENSE Licensed under CC BY 4.0 : see CAreadme.txt

0 BFC CERTIFY CCW

0 !KEYWORDS astronaut, Benny, Bricklink 973pb1652c01, Dimensions
0 !KEYWORDS Mini Upper Part No 2650, Rebrickable 973c28h28pr2650, Set 70810
0 !KEYWORDS Set 70816, Set 70818, Set 70821, Set 70837, Set 70841, Set 71214
0 !KEYWORDS Spaceman, The LEGO Movie

0 !HISTORY 2025-02-27 [OrionP] Official Update 2025-02

1 16 0 0 0 1 0 0 0 1 0 0 0 1 973p91.dat
1 16 -15.552 9 0 0.985 -0.17 0 0.17 0.985 0 0 0 1 3818.dat
1 16 15.552 9 0 0.985 0.17 0 -0.17 0.985 0 0 0 1 3819.dat
1 16 -23.69 26.774 -9.898 0.985 -0.12 0.12 0.17 0.696 -0.696 0 0.707 0.707 3820.dat
1 16 23.69 26.774 -9.898 0.985 0.12 -0.12 -0.17 0.696 -0.696 0 0.707 0.707 3820.dat
