0 Minifig Torso with Arms and Hands with SW Blast Armour (Green Plates) Grey Pattern
0 Name: 76382psb.dat
0 Author: Chris Böhnke [KnightOfTarenta]
0 !LDRAW_ORG Shortcut UPDATE 2025-02
0 !LICENSE Licensed under CC BY 4.0 : see CAreadme.txt

0 BFC CERTIFY CCW

0 !KEYWORDS Armor, Beskar, Bespin, Boba Fett, bounty hunter
0 !KEYWORDS Bricklink 973pb0282c01, Cloud City, Episode V, Episode VI
0 !KEYWORDS Jabbas Palace, Mandalorian, Mini Heroes Collection
0 !KEYWORDS Mini Upper Part No 396, Original Trilogy
0 !KEYWORDS Rebrickable 973c17h08pr0282, Return of the Jedi, Sarlacc, Set 3341
0 !KEYWORDS Set 4476, Set 7144, Slave I, Star Wars, Tatooine
0 !KEYWORDS The Empire Strikes Back

0 !HISTORY 2025-02-27 [OrionP] Official Update 2025-02

1 16 0 0 0 1 0 0 0 1 0 0 0 1 973psb.dat
1 16 -15.552 9 0 0.985 -0.17 0 0.17 0.985 0 0 0 1 3818.dat
1 16 15.552 9 0 0.985 0.17 0 -0.17 0.985 0 0 0 1 3819.dat
1 8 -23.69 26.774 -9.898 0.985 -0.12 0.12 0.17 0.696 -0.696 0 0.707 0.707 3820.dat
1 8 23.69 26.774 -9.898 0.985 0.12 -0.12 -0.17 0.696 -0.696 0 0.707 0.707 3820.dat
