0 Minifig Torso with Arms and Hands with Card, Suit, Vest, and Gold Fob Pattern
0 Name: 76382pw8.dat
0 Author: Chris Böhnke [KnightOfTarenta]
0 !LDRAW_ORG Shortcut UPDATE 2025-01
0 !LICENSE Licensed under CC BY 4.0 : see CAreadme.txt

0 BFC CERTIFY CCW

0 !KEYWORDS bandit, Bricklink 973px55c01, cardsharper, cowboy, cowboys
0 !KEYWORDS desperado, Dewey Cheatum, Joe Five Aces Williams, Legoredo City
0 !KEYWORDS Mini Upper Part No 230, Pokerface Sam, Rebrickable 973c31h03pr0055
0 !KEYWORDS set 6755, set 6761, set 6762, Set 6764, set 6769, swindler, western
0 !KEYWORDS wild west

0 !HISTORY 2025-01-20 [OrionP] Official Update 2025-01

1 16 0 0 0 1 0 0 0 1 0 0 0 1 973pw8.dat
1 16 -15.552 9 0 0.985 -0.17 0 0.17 0.985 0 0 0 1 3818.dat
1 16 15.552 9 0 0.985 0.17 0 -0.17 0.985 0 0 0 1 3819.dat
1 0 -23.69 26.774 -9.898 0.985 -0.12 0.12 0.17 0.696 -0.696 0 0.707 0.707 3820.dat
1 0 23.69 26.774 -9.898 0.985 0.12 -0.12 -0.17 0.696 -0.696 0 0.707 0.707 3820.dat
