0 Minifig Torso with Arms and Hands with Scale Mail and Red Diamond Amulet Pattern
0 Name: 76382p4c.dat
0 Author: Chris Böhnke [KnightOfTarenta]
0 !LDRAW_ORG Shortcut UPDATE 2025-01
0 !LICENSE Licensed under CC BY 4.0 : see CAreadme.txt

0 BFC CERTIFY CCW

0 !KEYWORDS Blacksmith Shop, Bricklink 973px117c01, Castle, Cedric the Bull
0 !KEYWORDS chrome, Daniel Siskind, John of Mayne, King Leo, Knights Kingdom
0 !KEYWORDS Mini Upper Part No 332, Rebrickable 973c03h01pr0117, Set 3739
0 !KEYWORDS set 4817, Set 6091, Set 6096, Set 6098

0 !HISTORY 2025-01-20 [OrionP] Official Update 2025-01

1 16 0 0 0 1 0 0 0 1 0 0 0 1 973p4c.dat
1 0 -15.552 9 0 0.985 -0.17 0 0.17 0.985 0 0 0 1 3818.dat
1 0 15.552 9 0 0.985 0.17 0 -0.17 0.985 0 0 0 1 3819.dat
1 14 -23.69 26.774 -9.898 0.985 -0.12 0.12 0.17 0.696 -0.696 0 0.707 0.707 3820.dat
1 14 23.69 26.774 -9.898 0.985 0.12 -0.12 -0.17 0.696 -0.696 0 0.707 0.707 3820.dat
