0 Minifig Torso with Arms and Hands with Aquashark Blue Shark with Red "X" Pattern
0 Name: 76382pak.dat
0 Author: Evert-Jan Boer [ejboer]
0 !LDRAW_ORG Shortcut UPDATE 2024-11
0 !LICENSE Licensed under CC BY 4.0 : see CAreadme.txt

0 BFC CERTIFY CCW

0 !KEYWORDS Aquazone, Bricklink 973pb0075c01, Rebrickable 973c03h03pr0075
0 !KEYWORDS Set 6115, Set 6135, Set 6155, Set 6190

0 !HISTORY 2024-12-30 [OrionP] Official Update 2024-11

1 16 0 0 0 1 0 0 0 1 0 0 0 1 973pak.dat
1 16 -15.552 9 0 0.985 -0.17 0 0.17 0.985 0 0 0 1 3818.dat
1 16 15.552 9 0 0.985 0.17 0 -0.17 0.985 0 0 0 1 3819.dat
1 16 -23.69 26.774 -9.898 0.985 -0.12 0.12 0.17 0.696 -0.696 0 0.707 0.707 3820.dat
1 16 23.69 26.774 -9.898 0.985 0.12 -0.12 -0.17 0.696 -0.696 0 0.707 0.707 3820.dat
