0 Minifig Torso with Arms and Hands with SW Moisture Farmer Pattern
0 Name: 76382psv.dat
0 Author: Chris Böhnke [KnightOfTarenta]
0 !LDRAW_ORG Shortcut UPDATE 2025-02
0 !LICENSE Licensed under CC BY 4.0 : see CAreadme.txt

0 BFC CERTIFY CCW

0 !KEYWORDS A New Hope, Bricklink 973pb0406c01, Episode IV
0 !KEYWORDS Mini Upper Part No 1111, Original Trilogy
0 !KEYWORDS Rebrickable 973c26h02pr0406, Sandcrawler, Set 10144, Star Wars
0 !KEYWORDS Tatooine, Uncle Owen Lars

0 !HISTORY 2025-02-27 [OrionP] Official Update 2025-02

1 16 0 0 0 1 0 0 0 1 0 0 0 1 973psv.dat
1 16 -15.552 9 0 0.985 -0.17 0 0.17 0.985 0 0 0 1 3818.dat
1 16 15.552 9 0 0.985 0.17 0 -0.17 0.985 0 0 0 1 3819.dat
1 78 -23.69 26.774 -9.898 0.985 -0.12 0.12 0.17 0.696 -0.696 0 0.707 0.707 3820.dat
1 78 23.69 26.774 -9.898 0.985 0.12 -0.12 -0.17 0.696 -0.696 0 0.707 0.707 3820.dat
