0 Minifig Torso with Arms and Hands with Lion Gold on Blue Shield Pattern
0 Name: 76382p4f.dat
0 Author: Chris Böhnke [KnightOfTarenta]
0 !LDRAW_ORG Shortcut UPDATE 2025-01
0 !LICENSE Licensed under CC BY 4.0 : see CAreadme.txt

0 BFC CERTIFY CCW

0 !KEYWORDS Bricklink 973px138c01, Castle, Coat of Arms, Crusaders, Lion Knights
0 !KEYWORDS Rebrickable 973c28h01pr0138, Set 1463, Set 1584, Set 1695, Set 2889
0 !KEYWORDS Set 6012, Set 6017, Set 6039, Set 6042, Set 6049, Set 6055, Set 6060
0 !KEYWORDS Set 6062, Set 6077, Set 6080, Set 6081, Set 6102, Set 6103

0 !HISTORY 2025-01-20 [OrionP] Official Update 2025-01

1 16 0 0 0 1 0 0 0 1 0 0 0 1 973p4f.dat
1 1 -15.552 9 0 0.985 -0.17 0 0.17 0.985 0 0 0 1 3818.dat
1 1 15.552 9 0 0.985 0.17 0 -0.17 0.985 0 0 0 1 3819.dat
1 14 -23.69 26.774 -9.898 0.985 -0.12 0.12 0.17 0.696 -0.696 0 0.707 0.707 3820.dat
1 14 23.69 26.774 -9.898 0.985 0.12 -0.12 -0.17 0.696 -0.696 0 0.707 0.707 3820.dat
