0 Minifig Torso with Arms and Hands with SW Vest, White Shirt & Yellow Neck Pattern
0 Name: 76382ps5.dat
0 Author: Chris Böhnke [KnightOfTarenta]
0 !LDRAW_ORG Shortcut UPDATE 2025-02
0 !LICENSE Licensed under CC BY 4.0 : see CAreadme.txt

0 BFC CERTIFY CCW

0 !KEYWORDS Bespin, Bricklink 973ps5c01, Cloud City, Han Solo, Millennium Falcon
0 !KEYWORDS Mini Heroes Collection, Mini Upper Part No 401, Mos Eisley
0 !KEYWORDS Original Trilogy, Rebrickable 973c26h01pr0004, set 10123, Set 3341
0 !KEYWORDS set 4501, set 7190, smuggler, Star Wars

0 !HISTORY 2025-02-27 [OrionP] Official Update 2025-02

1 16 0 0 0 1 0 0 0 1 0 0 0 1 973ps5.dat
1 19 -15.552 9 0 0.985 -0.17 0 0.17 0.985 0 0 0 1 3818.dat
1 19 15.552 9 0 0.985 0.17 0 -0.17 0.985 0 0 0 1 3819.dat
1 14 -23.69 26.774 -9.898 0.985 -0.12 0.12 0.17 0.696 -0.696 0 0.707 0.707 3820.dat
1 14 23.69 26.774 -9.898 0.985 0.12 -0.12 -0.17 0.696 -0.696 0 0.707 0.707 3820.dat
