0 Minifig Torso with Arms and Hands with Tan Oval and Black Spines and Tail Pattern
0 Name: 76382pxg.dat
0 Author: Chris Böhnke [KnightOfTarenta]
0 !LDRAW_ORG Shortcut UPDATE 2025-02
0 !LICENSE Licensed under CC BY 4.0 : see CAreadme.txt

0 BFC CERTIFY CCW

0 !KEYWORDS Bricklink 973pb2528c01, Dimensions, Mini Upper Part No 3499
0 !KEYWORDS Rebrickable 973c26h27pr3499, Sega, Set 71244, Sonic the Hedgehog
0 !KEYWORDS videogame

0 !HISTORY 2025-02-27 [OrionP] Official Update 2025-02

1 16 0 0 0 1 0 0 0 1 0 0 0 1 973pxg.dat
1 19 -15.552 9 0 0.985 -0.17 0 0.17 0.985 0 0 0 1 3818.dat
1 19 15.552 9 0 0.985 0.17 0 -0.17 0.985 0 0 0 1 3819.dat
1 15 -23.69 26.774 -9.898 0.985 -0.12 0.12 0.17 0.696 -0.696 0 0.707 0.707 3820.dat
1 15 23.69 26.774 -9.898 0.985 0.12 -0.12 -0.17 0.696 -0.696 0 0.707 0.707 3820.dat
