0 Minifig Torso with Arms and Hands with Castle Red/Grey Pattern
0 Name: 76382p47.dat
0 Author: Chris Böhnke [KnightOfTarenta]
0 !LDRAW_ORG Shortcut UPDATE 2025-01
0 !LICENSE Licensed under CC BY 4.0 : see CAreadme.txt

0 BFC CERTIFY CCW

0 !KEYWORDS Bricklink 973p47c01, Castle, Classic Castle, Coat of Arms
0 !KEYWORDS Knights Procession, Rebrickable 973c17h01pr0047, Set 0016, Set 6002
0 !KEYWORDS Set 6077, Set 677, Yellow Castle

0 !HISTORY 2025-01-20 [OrionP] Official Update 2025-01

1 16 0 0 0 1 0 0 0 1 0 0 0 1 973p47.dat
1 7 -15.552 9 0 0.985 -0.17 0 0.17 0.985 0 0 0 1 3818.dat
1 7 15.552 9 0 0.985 0.17 0 -0.17 0.985 0 0 0 1 3819.dat
1 14 -23.69 26.774 -9.898 0.985 -0.12 0.12 0.17 0.696 -0.696 0 0.707 0.707 3820.dat
1 14 23.69 26.774 -9.898 0.985 0.12 -0.12 -0.17 0.696 -0.696 0 0.707 0.707 3820.dat
